framenum 16
frame 0
rota 0.590964,0.027979,-0.806212,0.000000
rota -0.112344,0.992514,-0.047906,0.000000
rota 0.798836,0.118884,0.589684,0.000000
rota 0.000000,0.000000,0.000000,1.000000
scale 1.000000,1.000000,1.000000
trans 0.000000,0.000000,-0.000000
frame 1
rota 0.605096,0.074159,-0.792691,0.000000
rota -0.043380,0.997244,0.060182,0.000000
rota 0.794970,-0.002029,0.606646,0.000000
rota 0.000000,0.000000,0.000000,1.000000
scale 1.000000,1.000000,1.000000
trans -0.013272,-0.004793,-0.017854
frame 2
rota 0.611595,0.107315,-0.783860,0.000000
rota 0.046718,0.984131,0.171185,0.000000
rota 0.789791,-0.141317,0.596875,0.000000
rota 0.000000,0.000000,0.000000,1.000000
scale 1.000000,1.000000,1.000000
trans -0.032427,-0.005287,-0.015735
frame 3
rota 0.596703,0.138932,-0.790344,0.000000
rota 0.106143,0.962580,0.249346,0.000000
rota 0.795411,-0.232675,0.559628,0.000000
rota 0.000000,0.000000,0.000000,1.000000
scale 1.000000,1.000000,1.000001
trans -0.054900,0.002072,0.003562
frame 4
rota 0.562489,0.173109,-0.808479,0.000000
rota 0.104797,0.955023,0.277398,0.000000
rota 0.820136,-0.240759,0.519049,0.000000
rota 0.000000,0.000000,0.000000,1.000000
scale 1.000000,1.000000,1.000000
trans -0.085554,0.017298,0.029190
frame 5
rota 0.534726,0.199320,-0.821181,0.000000
rota 0.087864,0.953401,0.288627,0.000000
rota 0.840445,-0.226489,0.492296,0.000000
rota 0.000000,0.000000,0.000000,1.000000
scale 1.000000,1.000000,1.000000
trans -0.107316,0.036958,0.058016
frame 6
rota 0.538897,0.198804,-0.818576,0.000000
rota 0.077603,0.955903,0.283245,0.000000
rota 0.838790,-0.216164,0.499705,0.000000
rota 0.000000,0.000000,0.000000,1.000000
scale 1.000000,1.000000,1.000000
trans -0.116454,0.048954,0.082296
frame 7
rota 0.591767,0.171041,-0.787754,0.000000
rota 0.060312,0.965097,0.254854,0.000000
rota 0.803850,-0.198325,0.560797,0.000000
rota 0.000000,0.000000,0.000000,1.000000
scale 1.000000,1.000000,1.000000
trans -0.113856,0.051089,0.094047
frame 8
rota 0.604118,0.168659,-0.778842,0.000000
rota 0.016152,0.974554,0.223569,0.000000
rota 0.796731,-0.147642,0.586021,0.000000
rota 0.000000,0.000000,0.000000,1.000000
scale 1.000000,1.000000,1.000000
trans -0.105508,0.047634,0.100268
frame 9
rota 0.561705,0.163767,-0.810968,0.000000
rota -0.038004,0.984286,0.172444,0.000000
rota 0.826465,-0.066043,0.559102,0.000000
rota 0.000000,0.000000,0.000000,1.000000
scale 1.000000,1.000000,1.000000
trans -0.092443,0.040519,0.105415
frame 10
rota 0.517167,0.131407,-0.845737,0.000000
rota -0.081547,0.991213,0.104144,0.000000
rota 0.851991,0.015107,0.523339,0.000000
rota 0.000000,0.000000,0.000000,1.000000
scale 1.000000,1.000000,1.000000
trans -0.072516,0.030455,0.101648
frame 11
rota 0.531518,0.083644,-0.842907,0.000000
rota -0.090586,0.995019,0.041617,0.000000
rota 0.842189,0.054235,0.536447,0.000000
rota 0.000000,0.000000,0.000000,1.000000
scale 1.000000,1.000000,1.000000
trans -0.053134,0.019941,0.091131
frame 12
rota 0.580292,0.055547,-0.812512,0.000000
rota -0.100746,0.994904,-0.003936,0.000000
rota 0.808153,0.084141,0.582931,0.000000
rota 0.000000,0.000000,0.000000,1.000000
scale 1.000000,1.000000,1.000000
trans -0.038415,0.012275,0.079604
frame 13
rota 0.597062,0.042305,-0.801079,0.000000
rota -0.126987,0.991002,-0.042311,0.000000
rota 0.792080,0.126989,0.597062,0.000000
rota 0.000000,0.000000,0.000000,1.000000
scale 1.000000,1.000000,1.000000
trans -0.026264,0.006400,0.064905
frame 14
rota 0.590731,0.017743,-0.806674,0.000000
rota -0.115932,0.991251,-0.063095,0.000000
rota 0.798497,0.130791,0.587620,0.000000
rota 0.000000,0.000000,0.000000,1.000000
scale 1.000000,1.000000,1.000000
trans -0.014167,0.006235,0.048810
frame 15
rota 0.582002,-0.002645,-0.813183,0.000000
rota -0.108884,0.990736,-0.081152,0.000000
rota 0.805865,0.135774,0.576323,0.000000
rota 0.000000,0.000000,0.000000,1.000000
scale 1.000000,1.000000,1.000000
trans -0.005645,0.007923,0.031628

frame 0
rota 0.673990,-0.035260,0.737898,0.000000
rota -0.577765,0.597289,0.556266,0.000000
rota -0.460353,-0.801250,0.382195,0.000000
rota 0.000000,0.000000,0.000000,1.000000
scale 1.000000,1.000000,1.000000
trans 0.000000,0.000000,-0.000000
frame 1
rota 0.657204,0.015008,0.753563,0.000000
rota -0.557130,0.683047,0.472285,0.000000
rota -0.507630,-0.730220,0.457263,0.000000
rota 0.000000,0.000000,0.000000,1.000000
scale 1.000000,0.999999,1.000000
trans -0.000000,-0.000000,-0.000000
frame 2
rota 0.639418,0.104553,0.761717,0.000000
rota -0.540566,0.765643,0.348682,0.000000
rota -0.546747,-0.634712,0.546083,0.000000
rota 0.000000,0.000000,0.000000,1.000000
scale 1.000000,0.999999,1.000001
trans 0.000000,0.000000,-0.000000
frame 3
rota 0.603931,0.194081,0.773046,0.000000
rota -0.529522,0.822613,0.207156,0.000000
rota -0.595713,-0.534453,0.599572,0.000000
rota 0.000000,0.000000,0.000000,1.000000
scale 1.000001,1.000000,1.000000
trans 0.000000,-0.000000,0.000000
frame 4
rota 0.587740,0.248995,0.769781,0.000000
rota -0.491277,0.865802,0.095043,0.000000
rota -0.642812,-0.434037,0.631192,0.000000
rota 0.000000,0.000000,0.000000,1.000000
scale 1.000000,1.000000,1.000000
trans 0.000000,-0.000000,-0.000000
frame 5
rota 0.606572,0.277744,0.744935,0.000000
rota -0.452036,0.891282,0.035767,0.000000
rota -0.654013,-0.358433,0.666178,0.000000
rota 0.000000,0.000000,0.000000,1.000000
scale 1.000000,1.000000,1.000000
trans 0.000000,-0.000000,-0.000000
frame 6
rota 0.605148,0.275535,0.746912,0.000000
rota -0.464453,0.884178,0.050127,0.000000
rota -0.646591,-0.377240,0.663031,0.000000
rota 0.000000,0.000000,0.000000,1.000000
scale 1.000000,1.000000,1.000001
trans 0.000000,-0.000000,-0.000000
frame 7
rota 0.608712,0.211271,0.764744,0.000000
rota -0.517710,0.836174,0.181075,0.000000
rota -0.601203,-0.506139,0.618367,0.000000
rota 0.000000,0.000000,0.000000,1.000000
scale 1.000001,1.000000,1.000000
trans 0.000000,0.000000,-0.000000
frame 8
rota 0.623573,0.146376,0.767939,0.000000
rota -0.530023,0.801237,0.277660,0.000000
rota -0.574658,-0.580167,0.577212,0.000000
rota 0.000000,0.000000,0.000000,1.000000
scale 1.000000,0.999999,1.000000
trans 0.000000,0.000000,-0.000000
frame 9
rota 0.629272,0.100356,0.770679,0.000000
rota -0.538444,0.771376,0.339201,0.000000
rota -0.560442,-0.628417,0.539441,0.000000
rota 0.000000,0.000000,0.000000,1.000000
scale 1.000000,1.000000,1.000001
trans -0.000000,-0.000000,-0.000000
frame 10
rota 0.623661,0.059635,0.779417,0.000000
rota -0.528631,0.766689,0.364331,0.000000
rota -0.575844,-0.639243,0.509679,0.000000
rota 0.000000,0.000000,0.000000,1.000000
scale 1.000001,1.000000,1.000000
trans 0.000000,0.000000,-0.000000
frame 11
rota 0.629241,0.024060,0.776839,0.000000
rota -0.503384,0.774163,0.383766,0.000000
rota -0.592167,-0.632529,0.499246,0.000000
rota 0.000000,0.000000,0.000000,1.000000
scale 1.000000,1.000000,1.000001
trans 0.000000,-0.000000,-0.000000
frame 12
rota 0.665494,-0.025922,0.745953,0.000000
rota -0.512927,0.710149,0.482280,0.000000
rota -0.542239,-0.703574,0.459304,0.000000
rota 0.000000,0.000000,0.000000,1.000000
scale 1.000000,0.999999,1.000000
trans 0.000000,-0.000000,-0.000000
frame 13
rota 0.676634,-0.057327,0.734085,0.000000
rota -0.535177,0.646447,0.543776,0.000000
rota -0.505720,-0.760802,0.406728,0.000000
rota 0.000000,0.000000,0.000000,1.000000
scale 1.000000,1.000000,1.000000
trans 0.000000,0.000000,-0.000000
frame 14
rota 0.660944,-0.047147,0.748953,0.000000
rota -0.573371,0.612154,0.544531,0.000000
rota -0.484148,-0.789332,0.377567,0.000000
rota 0.000000,0.000000,0.000000,1.000000
scale 1.000000,1.000000,1.000001
trans 0.000000,0.000000,-0.000000
frame 15
rota 0.657905,-0.031315,0.752449,0.000000
rota -0.595170,0.590579,0.544966,0.000000
rota -0.461447,-0.806372,0.369907,0.000000
rota 0.000000,0.000000,0.000000,1.000000
scale 1.000000,1.000000,1.000000
trans 0.000000,0.000000,0.000000

frame 0
rota 0.966389,-0.135700,-0.218353,0.000000
rota -0.069933,0.678558,-0.731210,0.000000
rota 0.247391,0.721903,0.646261,0.000000
rota 0.000000,0.000000,0.000000,1.000000
scale 1.000000,1.000000,1.000000
trans 0.000000,0.000000,-0.000000
frame 1
rota 0.952789,-0.173900,-0.248901,0.000000
rota -0.084724,0.634917,-0.767920,0.000000
rota 0.291573,0.752754,0.590209,0.000000
rota 0.000000,0.000000,0.000000,1.000000
scale 1.000000,1.000000,1.000000
trans -0.000000,-0.000000,-0.000000
frame 2
rota 0.939604,-0.182615,-0.289477,0.000000
rota -0.109872,0.640074,-0.760417,0.000000
rota 0.324150,0.746296,0.581351,0.000000
rota 0.000000,0.000000,0.000000,1.000000
scale 1.000000,1.000000,1.000000
trans 0.000000,-0.000000,-0.000000
frame 3
rota 0.930296,-0.182255,-0.318329,0.000000
rota -0.100640,0.707707,-0.699302,0.000000
rota 0.352735,0.682594,0.640035,0.000000
rota 0.000000,0.000000,0.000000,1.000000
scale 1.000000,1.000000,1.000000
trans 0.000000,0.000000,-0.000000
frame 4
rota 0.937816,-0.137928,-0.318554,0.000000
rota -0.071650,0.821001,-0.566414,0.000000
rota 0.339658,0.554016,0.760065,0.000000
rota 0.000000,0.000000,0.000000,1.000000
scale 1.000000,1.000000,1.000000
trans -0.000000,0.000000,-0.000000
frame 5
rota 0.950096,-0.087130,-0.299543,0.000000
rota -0.055584,0.897557,-0.437381,0.000000
rota 0.306966,0.432204,0.847922,0.000000
rota 0.000000,0.000000,0.000000,1.000000
scale 1.000000,1.000000,1.000000
trans 0.000000,-0.000000,-0.000000
frame 6
rota 0.933167,-0.080707,-0.350266,0.000000
rota -0.069705,0.915336,-0.396613,0.000000
rota 0.352621,0.394521,0.848535,0.000000
rota 0.000000,0.000000,0.000000,1.000000
scale 1.000000,1.000000,1.000000
trans -0.000000,-0.000000,-0.000000
frame 7
rota 0.895739,-0.114592,-0.429559,0.000000
rota -0.116469,0.871982,-0.475482,0.000000
rota 0.429054,0.475938,0.767721,0.000000
rota 0.000000,0.000000,0.000000,1.000000
scale 1.000000,1.000000,1.000000
trans -0.000000,0.000000,-0.000000
frame 8
rota 0.900792,-0.122245,-0.416689,0.000000
rota -0.120384,0.851652,-0.510095,0.000000
rota 0.417231,0.509652,0.752445,0.000000
rota 0.000000,0.000000,0.000000,1.000000
scale 1.000000,1.000000,1.000000
trans -0.000000,-0.000000,-0.000000
frame 9
rota 0.925352,-0.091760,-0.367836,0.000000
rota -0.118373,0.851822,-0.510281,0.000000
rota 0.360155,0.515732,0.777374,0.000000
rota 0.000000,0.000000,0.000000,1.000000
scale 1.000000,1.000000,1.000000
trans -0.000000,0.000000,-0.000000
frame 10
rota 0.939983,-0.045555,-0.338165,0.000000
rota -0.117027,0.887898,-0.444906,0.000000
rota 0.320524,0.457779,0.829279,0.000000
rota 0.000000,0.000000,0.000000,1.000000
scale 1.000000,1.000000,1.000000
trans 0.000000,-0.000000,0.000000
frame 11
rota 0.955535,0.024838,-0.293831,0.000000
rota -0.138366,0.917705,-0.372388,0.000000
rota 0.260401,0.396486,0.880335,0.000000
rota 0.000000,0.000000,0.000000,1.000000
scale 1.000000,1.000000,1.000000
trans -0.000000,-0.000000,-0.000000
frame 12
rota 0.949978,0.020796,-0.311625,0.000000
rota -0.168785,0.873709,-0.456229,0.000000
rota 0.262781,0.486005,0.833514,0.000000
rota 0.000000,0.000000,0.000000,1.000000
scale 0.999999,1.000000,1.000000
trans 0.000000,-0.000000,-0.000000
frame 13
rota 0.953412,-0.030566,-0.300118,0.000000
rota -0.144343,0.827357,-0.542812,0.000000
rota 0.264897,0.560844,0.784401,0.000000
rota 0.000000,0.000000,0.000000,1.000000
scale 1.000000,1.000000,1.000000
trans -0.000000,-0.000000,0.000000
frame 14
rota 0.956009,-0.083032,-0.281340,0.000000
rota -0.109962,0.787722,-0.606137,0.000000
rota 0.271946,0.610409,0.743939,0.000000
rota 0.000000,0.000000,0.000000,1.000000
scale 1.000000,1.000000,1.000000
trans 0.000000,-0.000000,-0.000000
frame 15
rota 0.961747,-0.105926,-0.252631,0.000000
rota -0.087277,0.755675,-0.649105,0.000000
rota 0.259664,0.646323,0.717524,0.000000
rota 0.000000,0.000000,0.000000,1.000000
scale 1.000000,1.000000,1.000000
trans 0.000000,-0.000000,0.000000

frame 0
rota 0.988964,-0.148052,0.005504,0.000000
rota 0.148106,0.988908,-0.011192,0.000000
rota -0.003786,0.011884,0.999922,0.000000
rota 0.000000,0.000000,0.000000,1.000000
scale 1.000000,1.000000,1.000000
trans 0.000000,0.000000,-0.000000
frame 1
rota 0.990356,-0.138492,0.003935,0.000000
rota 0.138160,0.989307,0.046719,0.000000
rota -0.010363,-0.045725,0.998900,0.000000
rota 0.000000,0.000000,0.000000,1.000000
scale 1.000000,1.000000,1.000000
trans -0.000000,-0.000000,0.000000
frame 2
rota 0.986708,-0.162473,0.003036,0.000000
rota 0.161989,0.984907,0.060968,0.000000
rota -0.012896,-0.059666,0.998135,0.000000
rota 0.000000,0.000000,0.000000,1.000000
scale 1.000000,1.000000,1.000000
trans -0.000000,0.000000,-0.000000
frame 3
rota 0.980394,-0.197014,0.003594,0.000000
rota 0.196921,0.980256,0.017901,0.000000
rota -0.007049,-0.016842,0.999833,0.000000
rota 0.000000,0.000000,0.000000,1.000000
scale 1.000000,1.000000,0.999999
trans -0.000000,-0.000000,0.000000
frame 4
rota 0.964237,-0.264634,0.014720,0.000000
rota 0.264972,0.961200,-0.076717,0.000000
rota 0.006153,0.077873,0.996944,0.000000
rota 0.000000,0.000000,0.000000,1.000000
scale 1.000000,1.000000,1.000000
trans -0.000000,0.000000,0.000000
frame 5
rota 0.939797,-0.339307,0.040658,0.000000
rota 0.339499,0.913432,-0.224458,0.000000
rota 0.039022,0.224748,0.973635,0.000000
rota 0.000000,0.000000,0.000000,1.000000
scale 1.000000,1.000000,1.000000
trans -0.000000,0.000000,0.000000
frame 6
rota 0.918741,-0.388908,0.068299,0.000000
rota 0.386505,0.850351,-0.357096,0.000000
rota 0.080799,0.354477,0.931567,0.000000
rota 0.000000,0.000000,0.000000,1.000000
scale 1.000000,1.000000,1.000000
trans -0.000000,0.000000,0.000000
frame 7
rota 0.911020,-0.402478,0.089738,0.000000
rota 0.392902,0.781166,-0.485188,0.000000
rota 0.125178,0.477274,0.869793,0.000000
rota 0.000000,0.000000,0.000000,1.000000
scale 1.000000,1.000000,1.000000
trans -0.000000,-0.000000,0.000000
frame 8
rota 0.914241,-0.394758,0.091269,0.000000
rota 0.379750,0.756324,-0.532695,0.000000
rota 0.141257,0.521671,0.841371,0.000000
rota 0.000000,0.000000,0.000000,1.000000
scale 1.000000,1.000000,1.000000
trans -0.000000,-0.000000,0.000000
frame 9
rota 0.916356,-0.389527,0.092525,0.000000
rota 0.378573,0.767817,-0.516855,0.000000
rota 0.130287,0.508651,0.851058,0.000000
rota 0.000000,0.000000,0.000000,1.000000
scale 1.000000,1.000000,1.000000
trans -0.000000,-0.000000,0.000000
frame 10
rota 0.942330,-0.325909,0.076136,0.000000
rota 0.325679,0.840518,-0.432969,0.000000
rota 0.077115,0.432796,0.898188,0.000000
rota 0.000000,0.000000,0.000000,1.000000
scale 1.000000,1.000000,1.000000
trans -0.000000,0.000000,0.000000
frame 11
rota 0.945839,-0.319561,0.057172,0.000000
rota 0.322959,0.908376,-0.265615,0.000000
rota 0.032947,0.269694,0.962382,0.000000
rota 0.000000,0.000000,0.000000,1.000000
scale 0.999999,1.000000,1.000000
trans -0.000000,0.000000,0.000000
frame 12
rota 0.953408,-0.298801,0.041606,0.000000
rota 0.300781,0.930813,-0.207651,0.000000
rota 0.023319,0.210490,0.977318,0.000000
rota 0.000000,0.000000,0.000000,1.000000
scale 1.000000,1.000000,1.000000
trans -0.000000,0.000000,0.000000
frame 13
rota 0.966024,-0.256443,0.032177,0.000000
rota 0.258188,0.951874,-0.165151,0.000000
rota 0.011724,0.167848,0.985743,0.000000
rota 0.000000,0.000000,0.000000,1.000000
scale 1.000000,1.000000,1.000000
trans -0.000000,-0.000000,-0.000000
frame 14
rota 0.976970,-0.212041,0.023822,0.000000
rota 0.213341,0.968693,-0.126961,0.000000
rota 0.003845,0.129120,0.991622,0.000000
rota 0.000000,0.000000,0.000000,1.000000
scale 1.000000,1.000000,1.000000
trans -0.000000,-0.000000,0.000000
frame 15
rota 0.982627,-0.184802,0.017114,0.000000
rota 0.185592,0.978377,-0.091290,0.000000
rota 0.000127,0.092880,0.995677,0.000000
rota 0.000000,0.000000,0.000000,1.000000
scale 1.000000,1.000000,1.000000
trans -0.000000,0.000000,-0.000000

frame 0
rota 0.995302,0.074283,-0.062092,0.000000
rota -0.071322,0.996267,0.048626,0.000000
rota 0.065472,-0.043969,0.996885,0.000000
rota 0.000000,0.000000,0.000000,1.000000
scale 1.000000,0.999999,1.000000
trans 0.000000,0.000000,-0.000000
frame 1
rota 0.995302,0.074283,-0.062092,0.000000
rota -0.071322,0.996267,0.048626,0.000000
rota 0.065472,-0.043969,0.996885,0.000000
rota 0.000000,0.000000,0.000000,1.000000
scale 1.000000,0.999999,1.000000
trans 0.000000,0.000000,-0.000000
frame 2
rota 0.995302,0.074283,-0.062092,0.000000
rota -0.071322,0.996267,0.048626,0.000000
rota 0.065472,-0.043969,0.996885,0.000000
rota 0.000000,0.000000,0.000000,1.000000
scale 1.000000,1.000000,1.000000
trans -0.000000,-0.000000,-0.000000
frame 3
rota 0.995302,0.074283,-0.062092,0.000000
rota -0.071322,0.996267,0.048626,0.000000
rota 0.065472,-0.043969,0.996885,0.000000
rota 0.000000,0.000000,0.000000,1.000000
scale 1.000000,0.999999,1.000000
trans 0.000000,-0.000000,-0.000000
frame 4
rota 0.995005,0.076484,-0.064152,0.000000
rota -0.073244,0.995988,0.051420,0.000000
rota 0.067827,-0.046464,0.996615,0.000000
rota 0.000000,0.000000,0.000000,1.000000
scale 1.000000,0.999999,1.000000
trans -0.000000,-0.000000,-0.000000
frame 5
rota 0.991878,0.095820,-0.083649,0.000000
rota -0.089318,0.992921,0.078295,0.000000
rota 0.090559,-0.070187,0.993415,0.000000
rota 0.000000,0.000000,0.000000,1.000000
scale 1.000000,1.000000,1.000000
trans -0.000000,0.000000,-0.000000
frame 6
rota 0.987083,0.117692,-0.108702,0.000000
rota -0.104686,0.987423,0.118478,0.000000
rota 0.121279,-0.105568,0.986989,0.000000
rota 0.000000,0.000000,0.000000,1.000000
scale 1.000000,1.000000,1.000000
trans 0.000000,-0.000000,-0.000000
frame 7
rota 0.987305,0.122080,-0.101615,0.000000
rota -0.107380,0.984405,0.139341,0.000000
rota 0.117041,-0.126660,0.985017,0.000000
rota 0.000000,0.000000,0.000000,1.000000
scale 1.000000,1.000000,1.000000
trans 0.000000,0.000000,-0.000000
frame 8
rota 0.992251,0.089875,-0.085789,0.000000
rota -0.079595,0.989992,0.116533,0.000000
rota 0.095403,-0.108802,0.989475,0.000000
rota 0.000000,0.000000,0.000000,1.000000
scale 1.000000,1.000000,1.000000
trans 0.000000,-0.000000,0.000000
frame 9
rota 0.995674,0.050023,-0.078295,0.000000
rota -0.043338,0.995449,0.084868,0.000000
rota 0.082184,-0.081108,0.993311,0.000000
rota 0.000000,0.000000,0.000000,1.000000
scale 1.000000,1.000000,1.000000
trans -0.000000,-0.000000,-0.000000
frame 10
rota 0.995776,0.049197,-0.077529,0.000000
rota -0.041694,0.994547,0.095589,0.000000
rota 0.081809,-0.091953,0.992397,0.000000
rota 0.000000,0.000000,0.000000,1.000000
scale 0.999999,1.000000,1.000000
trans 0.000000,0.000000,-0.000000
frame 11
rota 0.995369,0.068132,-0.067818,0.000000
rota -0.063849,0.995941,0.063446,0.000000
rota 0.071866,-0.058822,0.995678,0.000000
rota 0.000000,0.000000,0.000000,1.000000
scale 1.000000,1.000000,1.000000
trans -0.000000,-0.000000,-0.000000
frame 12
rota 0.995302,0.074291,-0.062088,0.000000
rota -0.071330,0.996267,0.048618,0.000000
rota 0.065468,-0.043960,0.996886,0.000000
rota 0.000000,0.000000,0.000000,1.000000
scale 1.000000,1.000000,1.000000
trans -0.000000,-0.000000,-0.000000
frame 13
rota 0.995302,0.074291,-0.062088,0.000000
rota -0.071330,0.996267,0.048618,0.000000
rota 0.065468,-0.043960,0.996886,0.000000
rota 0.000000,0.000000,0.000000,1.000000
scale 1.000000,1.000000,1.000000
trans -0.000000,-0.000000,-0.000000
frame 14
rota 0.995302,0.074291,-0.062088,0.000000
rota -0.071330,0.996267,0.048618,0.000000
rota 0.065468,-0.043960,0.996886,0.000000
rota 0.000000,0.000000,0.000000,1.000000
scale 1.000000,1.000000,1.000000
trans 0.000000,-0.000000,-0.000000
frame 15
rota 0.995302,0.074291,-0.062088,0.000000
rota -0.071330,0.996267,0.048618,0.000000
rota 0.065468,-0.043960,0.996886,0.000000
rota 0.000000,0.000000,0.000000,1.000000
scale 1.000000,1.000000,1.000000
trans -0.000000,-0.000000,-0.000000

frame 0
rota 1.000000,0.000000,-0.000000,0.000000
rota -0.000000,1.000000,0.000000,0.000000
rota 0.000000,0.000000,1.000000,0.000000
rota 0.000000,0.000000,0.000000,1.000000
scale 1.000000,1.000000,1.000000
trans 0.000000,0.000000,-0.000000
frame 1
rota 1.000000,0.000000,0.000000,0.000000
rota 0.000000,1.000000,0.000000,0.000000
rota 0.000000,0.000000,1.000000,0.000000
rota 0.000000,0.000000,0.000000,1.000000
scale 1.000000,1.000000,1.000000
trans -0.000000,0.000000,0.000000
frame 2
rota 1.000000,0.000000,-0.000000,0.000000
rota -0.000000,1.000000,0.000000,0.000000
rota 0.000000,0.000000,1.000000,0.000000
rota 0.000000,0.000000,0.000000,1.000000
scale 1.000000,1.000000,1.000000
trans -0.000000,0.000000,0.000000
frame 3
rota 1.000000,0.000000,-0.000000,0.000000
rota -0.000000,1.000000,0.000000,0.000000
rota 0.000000,0.000000,1.000000,0.000000
rota 0.000000,0.000000,0.000000,1.000000
scale 1.000000,1.000000,1.000000
trans -0.000000,0.000000,0.000000
frame 4
rota 1.000000,0.000000,0.000000,0.000000
rota 0.000000,1.000000,0.000000,0.000000
rota 0.000000,0.000000,1.000000,0.000000
rota 0.000000,0.000000,0.000000,1.000000
scale 1.000000,1.000000,1.000000
trans -0.000000,0.000000,0.000000
frame 5
rota 1.000000,0.000000,0.000000,0.000000
rota 0.000000,1.000000,-0.000000,0.000000
rota -0.000000,0.000000,1.000000,0.000000
rota 0.000000,0.000000,0.000000,1.000000
scale 1.000000,1.000000,1.000000
trans 0.000000,0.000000,0.000000
frame 6
rota 1.000000,0.000000,0.000000,0.000000
rota 0.000000,1.000000,-0.000000,0.000000
rota -0.000000,0.000000,1.000000,0.000000
rota 0.000000,0.000000,0.000000,1.000000
scale 1.000000,1.000000,1.000000
trans 0.000000,0.000000,0.000000
frame 7
rota 1.000000,0.000000,0.000000,0.000000
rota 0.000000,1.000000,0.000000,0.000000
rota 0.000000,0.000000,1.000000,0.000000
rota 0.000000,0.000000,0.000000,1.000000
scale 1.000000,1.000000,1.000000
trans -0.000000,0.000000,0.000000
frame 8
rota 1.000000,0.000000,0.000000,0.000000
rota -0.000000,1.000000,0.000000,0.000000
rota 0.000000,-0.000000,1.000000,0.000000
rota 0.000000,0.000000,0.000000,1.000000
scale 1.000000,1.000000,1.000000
trans -0.000000,0.000000,0.000000
frame 9
rota 1.000000,0.000000,0.000000,0.000000
rota 0.000000,1.000000,0.000000,0.000000
rota 0.000000,0.000000,1.000000,0.000000
rota 0.000000,0.000000,0.000000,1.000000
scale 1.000000,1.000000,1.000000
trans -0.000000,0.000000,0.000000
frame 10
rota 1.000000,0.000000,0.000000,0.000000
rota 0.000000,1.000000,-0.000000,0.000000
rota -0.000000,0.000000,1.000000,0.000000
rota 0.000000,0.000000,0.000000,1.000000
scale 1.000000,1.000000,1.000000
trans -0.000000,0.000000,0.000000
frame 11
rota 1.000000,0.000000,0.000000,0.000000
rota 0.000000,1.000000,-0.000000,0.000000
rota -0.000000,0.000000,1.000000,0.000000
rota 0.000000,0.000000,0.000000,1.000000
scale 1.000000,1.000000,1.000000
trans -0.000000,0.000000,0.000000
frame 12
rota 1.000000,0.000000,0.000000,0.000000
rota 0.000000,1.000000,-0.000000,0.000000
rota -0.000000,0.000000,1.000000,0.000000
rota 0.000000,0.000000,0.000000,1.000000
scale 1.000000,1.000000,1.000000
trans -0.000000,0.000000,0.000000
frame 13
rota 1.000000,0.000000,0.000000,0.000000
rota 0.000000,1.000000,-0.000000,0.000000
rota -0.000000,0.000000,1.000000,0.000000
rota 0.000000,0.000000,0.000000,1.000000
scale 1.000000,1.000000,1.000000
trans -0.000000,0.000000,0.000000
frame 14
rota 1.000000,0.000000,0.000000,0.000000
rota 0.000000,1.000000,0.000000,0.000000
rota 0.000000,0.000000,1.000000,0.000000
rota 0.000000,0.000000,0.000000,1.000000
scale 1.000000,1.000000,1.000000
trans 0.000000,0.000000,0.000000
frame 15
rota 1.000000,0.000000,-0.000000,0.000000
rota -0.000000,1.000000,0.000000,0.000000
rota 0.000000,0.000000,1.000000,0.000000
rota 0.000000,0.000000,0.000000,1.000000
scale 1.000000,1.000000,1.000000
trans -0.000000,0.000000,0.000000

frame 0
rota 0.723708,-0.384468,-0.573089,0.000000
rota 0.610448,0.743968,0.271781,0.000000
rota 0.321869,-0.546531,0.773114,0.000000
rota 0.000000,0.000000,0.000000,1.000000
scale 1.000000,1.000000,1.000000
trans 0.000000,0.000000,-0.000000
frame 1
rota 0.662848,-0.507388,-0.550627,0.000000
rota 0.666572,0.734836,0.125291,0.000000
rota 0.341049,-0.450081,0.825295,0.000000
rota 0.000000,0.000000,0.000000,1.000000
scale 1.000000,1.000000,1.000000
trans 0.000000,-0.000000,-0.000000
frame 2
rota 0.636060,-0.601691,-0.483111,0.000000
rota 0.685344,0.728205,-0.004623,0.000000
rota 0.354585,-0.328157,0.875547,0.000000
rota 0.000000,0.000000,0.000000,1.000000
scale 1.000000,1.000000,1.000000
trans 0.000000,-0.000000,-0.000000
frame 3
rota 0.634317,-0.648938,-0.420145,0.000000
rota 0.690225,0.720174,-0.070277,0.000000
rota 0.348183,-0.245416,0.904732,0.000000
rota 0.000000,0.000000,0.000000,1.000000
scale 1.000000,0.999999,1.000000
trans -0.000000,-0.000000,-0.000000
frame 4
rota 0.651682,-0.642329,-0.403390,0.000000
rota 0.678858,0.731157,-0.067536,0.000000
rota 0.338322,-0.229833,0.912532,0.000000
rota 0.000000,0.000000,0.000000,1.000000
scale 1.000000,1.000000,1.000000
trans 0.000000,-0.000000,-0.000000
frame 5
rota 0.661479,-0.622138,-0.418795,0.000000
rota 0.665188,0.744611,-0.055499,0.000000
rota 0.346367,-0.241866,0.906383,0.000000
rota 0.000000,0.000000,0.000000,1.000000
scale 1.000000,1.000000,1.000000
trans 0.000000,-0.000000,-0.000000
frame 6
rota 0.659070,-0.596680,-0.457821,0.000000
rota 0.648932,0.758867,-0.054844,0.000000
rota 0.380149,-0.260949,0.887351,0.000000
rota 0.000000,0.000000,0.000000,1.000000
scale 1.000000,1.000000,1.000000
trans 0.000000,-0.000000,-0.000000
frame 7
rota 0.648438,-0.572086,-0.502240,0.000000
rota 0.629553,0.773911,-0.068727,0.000000
rota 0.428007,-0.271622,0.861992,0.000000
rota 0.000000,0.000000,0.000000,1.000000
scale 1.000000,1.000000,1.000000
trans 0.000000,-0.000000,-0.000000
frame 8
rota 0.651301,-0.547542,-0.525362,0.000000
rota 0.639049,0.769109,-0.009340,0.000000
rota 0.409174,-0.329649,0.850828,0.000000
rota 0.000000,0.000000,0.000000,1.000000
scale 1.000000,1.000000,1.000000
trans 0.000000,-0.000000,-0.000000
frame 9
rota 0.685323,-0.485563,-0.542735,0.000000
rota 0.639522,0.757771,0.129591,0.000000
rota 0.348344,-0.435902,0.829847,0.000000
rota 0.000000,0.000000,0.000000,1.000000
scale 0.999999,1.000000,1.000000
trans -0.000000,-0.000000,-0.000000
frame 10
rota 0.727552,-0.410374,-0.549783,0.000000
rota 0.617252,0.741335,0.263481,0.000000
rota 0.299448,-0.531051,0.792664,0.000000
rota 0.000000,0.000000,0.000000,1.000000
scale 1.000000,1.000000,1.000000
trans 0.000000,0.000000,-0.000000
frame 11
rota 0.752388,-0.364707,-0.548544,0.000000
rota 0.589223,0.744915,0.312917,0.000000
rota 0.294495,-0.558650,0.775359,0.000000
rota 0.000000,0.000000,0.000000,1.000000
scale 1.000000,1.000000,1.000000
trans -0.000000,-0.000000,-0.000000
frame 12
rota 0.753717,-0.344739,-0.559522,0.000000
rota 0.579977,0.749326,0.319589,0.000000
rota 0.309090,-0.565390,0.764721,0.000000
rota 0.000000,0.000000,0.000000,1.000000
scale 1.000000,1.000000,1.000000
trans -0.000000,-0.000000,0.000000
frame 13
rota 0.746443,-0.328452,-0.578742,0.000000
rota 0.587167,0.734345,0.340548,0.000000
rota 0.313143,-0.594018,0.741003,0.000000
rota 0.000000,0.000000,0.000000,1.000000
scale 1.000000,1.000000,1.000000
trans -0.000000,-0.000000,0.000000
frame 14
rota 0.752833,-0.320649,-0.574828,0.000000
rota 0.574250,0.746771,0.335514,0.000000
rota 0.321682,-0.582681,0.746327,0.000000
rota 0.000000,0.000000,0.000000,1.000000
scale 1.000000,1.000000,1.000000
trans 0.000000,-0.000000,-0.000000
frame 15
rota 0.768634,-0.313695,-0.557492,0.000000
rota 0.551843,0.765939,0.329860,0.000000
rota 0.323529,-0.561190,0.761837,0.000000
rota 0.000000,0.000000,0.000000,1.000000
scale 0.999999,1.000000,1.000000
trans -0.000000,-0.000000,-0.000000

frame 0
rota 0.996523,-0.049347,0.067133,0.000000
rota 0.081752,0.734600,-0.673557,0.000000
rota -0.016078,0.676704,0.736080,0.000000
rota 0.000000,0.000000,0.000000,1.000000
scale 0.999999,1.000000,1.000000
trans 0.000000,0.000000,-0.000000
frame 1
rota 0.994425,-0.018374,0.103834,0.000000
rota 0.083402,0.739593,-0.667867,0.000000
rota -0.064524,0.672804,0.737002,0.000000
rota 0.000000,0.000000,0.000000,1.000000
scale 0.999999,1.000000,1.000000
trans 0.000000,0.000000,-0.000000
frame 2
rota 0.990725,-0.007700,0.135666,0.000000
rota 0.098501,0.728456,-0.677975,0.000000
rota -0.093606,0.685049,0.722458,0.000000
rota 0.000000,0.000000,0.000000,1.000000
scale 1.000000,1.000000,1.000000
trans 0.000000,0.000000,-0.000000
frame 3
rota 0.988941,0.006262,0.148178,0.000000
rota 0.099564,0.712477,-0.694595,0.000000
rota -0.109923,0.701667,0.703975,0.000000
rota 0.000000,0.000000,0.000000,1.000000
scale 1.000000,1.000000,1.000000
trans 0.000000,0.000000,-0.000000
frame 4
rota 0.989855,-0.016229,0.141152,0.000000
rota 0.110827,0.709851,-0.695578,0.000000
rota -0.088909,0.704165,0.704448,0.000000
rota 0.000000,0.000000,0.000000,1.000000
scale 1.000000,1.000000,1.000000
trans -0.000000,0.000000,-0.000000
frame 5
rota 0.990933,-0.028951,0.131202,0.000000
rota 0.111355,0.723378,-0.681413,0.000000
rota -0.075181,0.689845,0.720043,0.000000
rota 0.000000,0.000000,0.000000,1.000000
scale 1.000000,1.000000,1.000000
trans 0.000000,0.000000,-0.000000
frame 6
rota 0.989801,-0.004365,0.142391,0.000000
rota 0.100802,0.727753,-0.678392,0.000000
rota -0.100664,0.685826,0.720770,0.000000
rota 0.000000,0.000000,0.000000,1.000000
scale 1.000000,1.000000,1.000000
trans -0.000000,0.000000,-0.000000
frame 7
rota 0.990989,0.029954,0.130551,0.000000
rota 0.068490,0.724294,-0.686082,0.000000
rota -0.115108,0.688841,0.715716,0.000000
rota 0.000000,0.000000,0.000000,1.000000
scale 1.000000,1.000000,1.000000
trans 0.000000,0.000000,-0.000000
frame 8
rota 0.992877,0.048602,0.108779,0.000000
rota 0.043684,0.700927,-0.711894,0.000000
rota -0.110846,0.711575,0.693812,0.000000
rota 0.000000,0.000000,0.000000,1.000000
scale 1.000000,1.000000,1.000000
trans 0.000000,-0.000000,-0.000000
frame 9
rota 0.992170,0.048241,0.115199,0.000000
rota 0.054349,0.663701,-0.746021,0.000000
rota -0.112446,0.746441,0.655882,0.000000
rota 0.000000,0.000000,0.000000,1.000000
scale 1.000000,1.000000,1.000000
trans 0.000000,0.000000,-0.000000
frame 10
rota 0.991416,0.042350,0.123694,0.000000
rota 0.068516,0.637476,-0.767418,0.000000
rota -0.111352,0.769305,0.629103,0.000000
rota 0.000000,0.000000,0.000000,1.000000
scale 1.000000,1.000000,1.000000
trans 0.000000,0.000000,-0.000000
frame 11
rota 0.994500,0.015179,0.103629,0.000000
rota 0.071241,0.627245,-0.775557,0.000000
rota -0.076773,0.778674,0.622714,0.000000
rota 0.000000,0.000000,0.000000,1.000000
scale 0.999999,1.000000,1.000000
trans 0.000000,0.000000,-0.000000
frame 12
rota 0.997144,-0.024832,0.071329,0.000000
rota 0.071090,0.627537,-0.775334,0.000000
rota -0.025509,0.778191,0.627510,0.000000
rota 0.000000,0.000000,0.000000,1.000000
scale 1.000000,1.000000,1.000000
trans -0.000000,0.000000,-0.000000
frame 13
rota 0.997664,-0.032837,0.059906,0.000000
rota 0.067079,0.636980,-0.767956,0.000000
rota -0.012941,0.770181,0.637694,0.000000
rota 0.000000,0.000000,0.000000,1.000000
scale 1.000000,1.000000,1.000000
trans 0.000000,0.000000,-0.000000
frame 14
rota 0.997355,-0.041767,0.059493,0.000000
rota 0.072132,0.669910,-0.738930,0.000000
rota -0.008992,0.741266,0.671150,0.000000
rota 0.000000,0.000000,0.000000,1.000000
scale 0.999999,1.000000,1.000000
trans 0.000000,0.000000,0.000000
frame 15
rota 0.996050,-0.071374,0.052816,0.000000
rota 0.087926,0.710057,-0.698633,0.000000
rota 0.012362,0.700517,0.713528,0.000000
rota 0.000000,0.000000,0.000000,1.000000
scale 1.000000,1.000000,0.999999
trans -0.000000,0.000000,-0.000000

frame 0
rota 0.862565,0.505409,0.023302,0.000000
rota -0.498201,0.840432,0.213237,0.000000
rota 0.088189,-0.195540,0.976723,0.000000
rota 0.000000,0.000000,0.000000,1.000000
scale 1.000000,1.000000,1.000000
trans 0.000000,0.000000,-0.000000
frame 1
rota 0.851061,0.524668,0.020469,0.000000
rota -0.513557,0.823653,0.240532,0.000000
rota 0.109340,-0.215219,0.970425,0.000000
rota 0.000000,0.000000,0.000000,1.000000
scale 1.000000,1.000000,1.000000
trans -0.000000,0.000000,-0.000000
frame 2
rota 0.845539,0.533571,0.019124,0.000000
rota -0.515829,0.807131,0.287160,0.000000
rota 0.137785,-0.252669,0.957692,0.000000
rota 0.000000,0.000000,0.000000,1.000000
scale 1.000000,1.000000,1.000000
trans 0.000000,0.000000,0.000000
frame 3
rota 0.858186,0.512920,0.020737,0.000000
rota -0.489989,0.806436,0.331017,0.000000
rota 0.153062,-0.294235,0.943397,0.000000
rota 0.000000,0.000000,0.000000,1.000000
scale 1.000000,1.000000,1.000000
trans 0.000000,0.000000,-0.000000
frame 4
rota 0.873260,0.485049,0.046301,0.000000
rota -0.468740,0.810334,0.351627,0.000000
rota 0.133037,-0.328765,0.934994,0.000000
rota 0.000000,0.000000,0.000000,1.000000
scale 1.000000,1.000000,1.000000
trans -0.000000,0.000000,0.000000
frame 5
rota 0.893277,0.444521,0.066766,0.000000
rota -0.438060,0.827565,0.351055,0.000000
rota 0.100799,-0.342836,0.933972,0.000000
rota 0.000000,0.000000,0.000000,1.000000
scale 1.000000,1.000000,1.000000
trans 0.000000,0.000000,0.000000
frame 6
rota 0.913331,0.403529,0.054697,0.000000
rota -0.394707,0.844207,0.362659,0.000000
rota 0.100168,-0.352817,0.930315,0.000000
rota 0.000000,0.000000,0.000000,1.000000
scale 1.000000,1.000000,1.000000
trans 0.000000,0.000000,-0.000000
frame 7
rota 0.924186,0.381130,0.024904,0.000000
rota -0.361664,0.852294,0.377880,0.000000
rota 0.122796,-0.358238,0.925520,0.000000
rota 0.000000,0.000000,0.000000,1.000000
scale 1.000000,1.000000,1.000000
trans 0.000000,-0.000000,0.000000
frame 8
rota 0.929411,0.368786,0.013832,0.000000
rota -0.345289,0.855743,0.385329,0.000000
rota 0.130267,-0.362906,0.922675,0.000000
rota 0.000000,0.000000,0.000000,1.000000
scale 1.000000,1.000000,1.000000
trans 0.000000,-0.000000,-0.000000
frame 9
rota 0.932667,0.360404,0.015535,0.000000
rota -0.338407,0.859199,0.383741,0.000000
rota 0.124954,-0.363160,0.923310,0.000000
rota 0.000000,0.000000,0.000000,1.000000
scale 1.000000,1.000000,1.000000
trans 0.000000,0.000000,-0.000000
frame 10
rota 0.932258,0.361285,0.019181,0.000000
rota -0.342876,0.865348,0.365527,0.000000
rota 0.115461,-0.347342,0.930603,0.000000
rota 0.000000,0.000000,0.000000,1.000000
scale 1.000000,1.000000,1.000000
trans 0.000000,-0.000000,-0.000000
frame 11
rota 0.922819,0.384450,0.024557,0.000000
rota -0.368465,0.862254,0.347495,0.000000
rota 0.112420,-0.329723,0.937360,0.000000
rota 0.000000,0.000000,0.000000,1.000000
scale 0.999999,1.000000,1.000000
trans -0.000000,-0.000000,0.000000
frame 12
rota 0.908140,0.417497,0.031257,0.000000
rota -0.403513,0.852924,0.331206,0.000000
rota 0.111617,-0.313394,0.943041,0.000000
rota 0.000000,0.000000,0.000000,1.000000
scale 1.000000,1.000000,1.000000
trans -0.000000,-0.000000,-0.000000
frame 13
rota 0.899631,0.435351,0.033666,0.000000
rota -0.423652,0.851581,0.308753,0.000000
rota 0.105746,-0.292026,0.950546,0.000000
rota 0.000000,0.000000,0.000000,1.000000
scale 1.000000,1.000000,1.000000
trans 0.000000,0.000000,-0.000000
frame 14
rota 0.891956,0.450937,0.032711,0.000000
rota -0.442101,0.854752,0.271929,0.000000
rota 0.094662,-0.257010,0.961761,0.000000
rota 0.000000,0.000000,0.000000,1.000000
scale 1.000000,1.000000,1.000000
trans 0.000000,0.000000,-0.000000
frame 15
rota 0.878586,0.476565,0.031182,0.000000
rota -0.470173,0.851649,0.231585,0.000000
rota 0.083809,-0.218128,0.972315,0.000000
rota 0.000000,0.000000,0.000000,1.000000
scale 1.000000,1.000000,1.000000
trans -0.000000,0.000000,0.000000

frame 0
rota 0.999795,-0.017361,0.010434,0.000000
rota 0.017106,0.999565,0.024041,0.000000
rota -0.010847,-0.023857,0.999656,0.000000
rota 0.000000,0.000000,0.000000,1.000000
scale 1.000000,1.000000,1.000000
trans 0.000000,0.000000,-0.000000
frame 1
rota 0.999788,-0.017744,0.010441,0.000000
rota 0.017488,0.999557,0.024083,0.000000
rota -0.010864,-0.023895,0.999655,0.000000
rota 0.000000,0.000000,0.000000,1.000000
scale 1.000000,1.000000,0.999999
trans 0.000000,0.000000,0.000000
frame 2
rota 0.999773,-0.018570,0.010457,0.000000
rota 0.018313,0.999540,0.024169,0.000000
rota -0.010901,-0.023972,0.999653,0.000000
rota 0.000000,0.000000,0.000000,1.000000
scale 1.000000,1.000000,1.000000
trans -0.000000,0.000000,0.000000
frame 3
rota 0.999793,-0.017480,0.010436,0.000000
rota 0.017224,0.999561,0.024093,0.000000
rota -0.010853,-0.023909,0.999655,0.000000
rota 0.000000,0.000000,0.000000,1.000000
scale 1.000000,1.000000,1.000000
trans -0.000000,0.000000,-0.000000
frame 4
rota 0.999811,-0.017150,0.009133,0.000000
rota 0.016913,0.999534,0.025398,0.000000
rota -0.009564,-0.025239,0.999636,0.000000
rota 0.000000,0.000000,0.000000,1.000000
scale 1.000000,1.000000,1.000000
trans 0.000000,0.000000,-0.000000
frame 5
rota 0.999829,-0.016767,0.007827,0.000000
rota 0.016552,0.999506,0.026732,0.000000
rota -0.008271,-0.026597,0.999612,0.000000
rota 0.000000,0.000000,0.000000,1.000000
scale 1.000000,1.000000,1.000000
trans 0.000000,-0.000000,0.000000
frame 6
rota 0.999795,-0.017366,0.010430,0.000000
rota 0.017110,0.999563,0.024113,0.000000
rota -0.010844,-0.023929,0.999655,0.000000
rota 0.000000,0.000000,0.000000,1.000000
scale 1.000000,1.000000,1.000000
trans -0.000000,0.000000,-0.000000
frame 7
rota 0.999793,-0.017484,0.010432,0.000000
rota 0.017228,0.999561,0.024097,0.000000
rota -0.010849,-0.023913,0.999655,0.000000
rota 0.000000,0.000000,0.000000,1.000000
scale 1.000000,1.000000,1.000000
trans -0.000000,0.000000,0.000000
frame 8
rota 0.999791,-0.017566,0.010433,0.000000
rota 0.017310,0.999560,0.024106,0.000000
rota -0.010852,-0.023920,0.999655,0.000000
rota 0.000000,0.000000,0.000000,1.000000
scale 1.000000,1.000000,1.000000
trans 0.000000,0.000000,-0.000000
frame 9
rota 0.999790,-0.017660,0.010434,0.000000
rota 0.017404,0.999558,0.024116,0.000000
rota -0.010855,-0.023930,0.999655,0.000000
rota 0.000000,0.000000,0.000000,1.000000
scale 1.000000,1.000000,1.000000
trans -0.000000,0.000000,-0.000000
frame 10
rota 0.999795,-0.017349,0.010428,0.000000
rota 0.017094,0.999564,0.024083,0.000000
rota -0.010841,-0.023899,0.999656,0.000000
rota 0.000000,0.000000,0.000000,1.000000
scale 1.000000,1.000000,1.000000
trans 0.000000,0.000000,-0.000000
frame 11
rota 0.999793,-0.017478,0.010430,0.000000
rota 0.017222,0.999561,0.024095,0.000000
rota -0.010847,-0.023911,0.999655,0.000000
rota 0.000000,0.000000,0.000000,1.000000
scale 1.000000,1.000000,1.000000
trans -0.000000,0.000000,-0.000000
frame 12
rota 0.999793,-0.017490,0.010432,0.000000
rota 0.017234,0.999561,0.024097,0.000000
rota -0.010849,-0.023913,0.999655,0.000000
rota 0.000000,0.000000,0.000000,1.000000
scale 1.000000,1.000000,1.000000
trans 0.000000,0.000000,-0.000000
frame 13
rota 0.999793,-0.017490,0.010432,0.000000
rota 0.017234,0.999561,0.024097,0.000000
rota -0.010849,-0.023913,0.999655,0.000000
rota 0.000000,0.000000,0.000000,1.000000
scale 1.000000,1.000000,1.000000
trans -0.000000,0.000000,-0.000000
frame 14
rota 0.999793,-0.017490,0.010432,0.000000
rota 0.017234,0.999561,0.024097,0.000000
rota -0.010849,-0.023913,0.999655,0.000000
rota 0.000000,0.000000,0.000000,1.000000
scale 1.000000,1.000000,1.000000
trans 0.000000,0.000000,-0.000000
frame 15
rota 0.999793,-0.017490,0.010432,0.000000
rota 0.017234,0.999561,0.024097,0.000000
rota -0.010849,-0.023913,0.999655,0.000000
rota 0.000000,0.000000,0.000000,1.000000
scale 1.000000,1.000000,1.000000
trans 0.000000,0.000000,-0.000000

frame 0
rota 1.000000,0.000000,0.000000,0.000000
rota 0.000000,1.000000,0.000000,0.000000
rota 0.000000,0.000000,1.000000,0.000000
rota 0.000000,0.000000,0.000000,1.000000
scale 1.000000,1.000000,1.000000
trans 0.000000,0.000000,-0.000000
frame 1
rota 1.000000,0.000000,0.000000,0.000000
rota 0.000000,1.000000,0.000000,0.000000
rota 0.000000,0.000000,1.000000,0.000000
rota 0.000000,0.000000,0.000000,1.000000
scale 1.000000,1.000000,1.000000
trans 0.000000,0.000000,0.000000
frame 2
rota 1.000000,-0.000000,0.000000,0.000000
rota 0.000000,1.000000,-0.000000,0.000000
rota 0.000000,0.000000,1.000000,0.000000
rota 0.000000,0.000000,0.000000,1.000000
scale 1.000000,1.000000,1.000000
trans -0.000000,0.000000,0.000000
frame 3
rota 1.000000,0.000000,0.000000,0.000000
rota 0.000000,1.000000,0.000000,0.000000
rota 0.000000,0.000000,1.000000,0.000000
rota 0.000000,0.000000,0.000000,1.000000
scale 1.000000,1.000000,1.000000
trans 0.000000,0.000000,-0.000000
frame 4
rota 1.000000,-0.000000,0.000000,0.000000
rota 0.000000,1.000000,-0.000000,0.000000
rota 0.000000,0.000000,1.000000,0.000000
rota 0.000000,0.000000,0.000000,1.000000
