framenum 17
frame 0
rota 0.971252,0.085901,-0.222016,0.000000
rota -0.154158,0.937620,-0.311617,0.000000
rota 0.181398,0.336884,0.923907,0.000000
rota 0.000000,0.000000,0.000000,1.000000
scale 1.000000,1.000000,1.000000
trans 0.000000,0.000000,-0.000000
frame 1
rota 0.976059,0.086601,-0.199520,0.000000
rota -0.151012,0.930007,-0.335086,0.000000
rota 0.156536,0.357193,0.920820,0.000000
rota 0.000000,0.000000,0.000000,1.000000
scale 1.000000,1.000000,1.000000
trans 0.000655,0.015313,-0.000000
frame 2
rota 0.985753,0.062065,-0.156327,0.000000
rota -0.114679,0.927907,-0.354736,0.000000
rota 0.123040,0.367609,0.921805,0.000000
rota 0.000000,0.000000,0.000000,1.000000
scale 1.000000,1.000000,1.000000
trans 0.003517,0.026221,-0.000000
frame 3
rota 0.992406,0.051425,-0.111741,0.000000
rota -0.086233,0.938668,-0.333867,0.000000
rota 0.087719,0.340967,0.935974,0.000000
rota 0.000000,0.000000,0.000000,1.000000
scale 1.000000,1.000000,1.000000
trans 0.008221,0.024389,-0.000000
frame 4
rota 0.995615,0.064350,-0.067893,0.000000
rota -0.081277,0.954387,-0.287298,0.000000
rota 0.046309,0.291556,0.955432,0.000000
rota 0.000000,0.000000,0.000000,1.000000
scale 1.000000,1.000000,1.000000
trans 0.014202,0.009227,-0.000000
frame 5
rota 0.996455,0.082667,-0.015612,0.000000
rota -0.083850,0.960819,-0.264191,0.000000
rota -0.006839,0.264563,0.964344,0.000000
rota 0.000000,0.000000,0.000000,1.000000
scale 1.000000,1.000000,1.000000
trans 0.020992,-0.006759,-0.000000
frame 6
rota 0.995809,0.076007,0.050864,0.000000
rota -0.058378,0.956380,-0.286232,0.000000
rota -0.070401,0.282063,0.956809,0.000000
rota 0.000000,0.000000,0.000000,1.000000
scale 1.000000,1.000000,1.000000
trans 0.026598,-0.012533,-0.000000
frame 7
rota 0.992241,0.031065,0.120390,0.000000
rota 0.011722,0.940599,-0.339317,0.000000
rota -0.123779,0.338095,0.932936,0.000000
rota 0.000000,0.000000,0.000000,1.000000
scale 1.000000,1.000000,1.000000
trans 0.028858,0.000025,-0.000000
frame 8
rota 0.987170,-0.022298,0.158106,0.000000
rota 0.083725,0.915441,-0.393648,0.000000
rota -0.135959,0.401835,0.905563,0.000000
rota 0.000000,0.000000,0.000000,1.000000
scale 1.000000,1.000000,1.000000
trans 0.030852,0.028654,-0.000000
frame 9
rota 0.988477,-0.041789,0.145488,0.000000
rota 0.101422,0.896336,-0.431620,0.000000
rota -0.112369,0.441402,0.890246,0.000000
rota 0.000000,0.000000,0.000000,1.000000
scale 1.000000,1.000000,1.000000
trans 0.034306,0.054028,-0.000000
frame 10
rota 0.994970,-0.029033,0.095872,0.000000
rota 0.067973,0.898691,-0.433282,0.000000
rota -0.073580,0.437620,0.896144,0.000000
rota 0.000000,0.000000,0.000000,1.000000
scale 1.000000,1.000000,1.000000
trans 0.037169,0.063207,-0.000000
frame 11
rota 0.999111,-0.006246,0.041684,0.000000
rota 0.021880,0.922136,-0.386248,0.000000
rota -0.036026,0.386816,0.921453,0.000000
rota 0.000000,0.000000,0.000000,1.000000
scale 1.000000,1.000001,1.000000
trans 0.036337,0.053508,-0.000000
frame 12
rota 0.999878,0.011060,0.011026,0.000000
rota -0.006963,0.947663,-0.319198,0.000000
rota -0.013980,0.319082,0.947624,0.000000
rota 0.000000,0.000000,0.000000,1.000000
scale 1.000000,1.000000,1.000000
trans 0.029146,0.027302,-0.000000
frame 13
rota 0.999881,0.013660,-0.007197,0.000000
rota -0.015137,0.959152,-0.282485,0.000000
rota 0.003044,0.282561,0.959245,0.000000
rota 0.000000,0.000000,0.000000,1.000000
scale 1.000000,1.000000,1.000000
trans 0.018646,-0.004534,-0.000000
frame 14
rota 0.998968,0.012963,-0.043524,0.000000
rota -0.024862,0.958126,-0.285267,0.000000
rota 0.038003,0.286055,0.957459,0.000000
rota 0.000000,0.000000,0.000000,1.000000
scale 1.000000,1.000000,1.000000
trans 0.008408,-0.029336,-0.000000
frame 15
rota 0.992371,0.027498,-0.120182,0.000000
rota -0.063316,0.950109,-0.305424,0.000000
rota 0.105787,0.310703,0.944602,0.000000
rota 0.000000,0.000000,0.000000,1.000000
scale 1.000000,1.000000,1.000000
trans 0.000855,-0.032940,-0.000000
frame 16
rota 0.977264,0.053334,-0.205209,0.000000
rota -0.118923,0.939153,-0.322257,0.000000
rota 0.175536,0.339334,0.924143,0.000000
rota 0.000000,0.000000,0.000000,1.000000
scale 1.000000,1.000000,1.000000
trans -0.002710,-0.017847,-0.000000

frame 0
rota 0.977345,-0.103550,0.184592,0.000000
rota -0.137979,0.349626,0.926673,0.000000
rota -0.160495,-0.931149,0.327417,0.000000
rota 0.000000,0.000000,0.000000,1.000000
scale 1.000000,1.000000,1.000000
trans 0.000000,0.000000,-0.000000
frame 1
rota 0.977302,-0.127053,0.169526,0.000000
rota -0.146744,0.171172,0.974251,0.000000
rota -0.152799,-0.977014,0.148643,0.000000
rota 0.000000,0.000000,0.000000,1.000000
scale 1.000000,1.000000,1.000000
trans -0.000000,-0.000000,-0.000000
frame 2
rota 0.985810,-0.101475,0.133724,0.000000
rota -0.114447,0.176488,0.977627,0.000000
rota -0.122805,-0.979058,0.162370,0.000000
rota 0.000000,0.000000,0.000000,1.000000
scale 1.000000,1.000000,1.000000
trans -0.000000,0.000000,-0.000000
frame 3
rota 0.992851,-0.076059,0.091984,0.000000
rota -0.040907,0.507149,0.860887,0.000000
rota -0.112128,-0.858496,0.500412,0.000000
rota 0.000000,0.000000,0.000000,1.000000
scale 1.000000,1.000000,1.000000
trans -0.000000,-0.000000,-0.000000
frame 4
rota 0.995822,-0.076510,0.049854,0.000000
rota 0.010871,0.641368,0.767157,0.000000
rota -0.090670,-0.763409,0.639520,0.000000
rota 0.000000,0.000000,0.000000,1.000000
scale 1.000000,1.000000,1.000000
trans -0.000000,-0.000000,-0.000000
frame 5
rota 0.996764,-0.078975,0.014997,0.000000
rota 0.041241,0.662527,0.747902,0.000000
rota -0.069002,-0.744863,0.663640,0.000000
rota 0.000000,0.000000,0.000000,1.000000
scale 1.000000,1.000000,1.000000
trans -0.000000,-0.000000,-0.000000
frame 6
rota 0.997605,-0.066739,-0.018172,0.000000
rota 0.061922,0.744650,0.664577,0.000000
rota -0.030822,-0.664110,0.746999,0.000000
rota 0.000000,0.000000,0.000000,1.000000
scale 1.000000,1.000000,1.000000
trans 0.000000,0.000000,-0.000000
frame 7
rota 0.998867,-0.017994,0.044063,0.000000
rota -0.006165,0.869072,0.494647,0.000000
rota -0.047195,-0.494358,0.867976,0.000000
rota 0.000000,0.000000,0.000000,1.000000
scale 1.000001,1.000000,1.000000
trans 0.000000,-0.000000,-0.000000
frame 8
rota 0.990180,0.058231,0.127096,0.000000
rota -0.090993,0.958636,0.269698,0.000000
rota -0.106134,-0.278614,0.954521,0.000000
rota 0.000000,0.000000,0.000000,1.000000
scale 1.000000,1.000000,1.000000
trans -0.000000,-0.000000,-0.000000
frame 9
rota 0.981450,0.097286,0.165204,0.000000
rota -0.117063,0.986500,0.114515,0.000000
rota -0.151833,-0.131730,0.979589,0.000000
rota 0.000000,0.000000,0.000000,1.000000
scale 1.000000,1.000000,1.000000
trans -0.000000,0.000000,-0.000000
frame 10
rota 0.985750,0.080673,0.147607,0.000000
rota -0.080876,0.996713,-0.004633,0.000000
rota -0.147496,-0.007371,0.989035,0.000000
rota 0.000000,0.000000,0.000000,1.000000
scale 1.000000,1.000000,1.000000
trans 0.000000,0.000000,-0.000000
frame 11
rota 0.992184,0.043193,0.117073,0.000000
rota -0.034955,0.996826,-0.071532,0.000000
rota -0.119791,0.066881,0.990544,0.000000
rota 0.000000,0.000000,0.000000,1.000000
scale 1.000001,1.000000,1.000000
trans -0.000000,0.000000,-0.000000
frame 12
rota 0.993846,0.044732,0.101334,0.000000
rota -0.040297,0.998156,-0.045405,0.000000
rota -0.103178,0.041042,0.993816,0.000000
rota 0.000000,0.000000,0.000000,1.000000
scale 1.000000,1.000000,1.000000
trans -0.000000,0.000000,-0.000000
frame 13
rota 0.994897,0.075736,0.066663,0.000000
rota -0.082389,0.991213,0.103486,0.000000
rota -0.058240,-0.108450,0.992394,0.000000
rota 0.000000,0.000000,0.000000,1.000000
scale 1.000000,1.000000,1.000000
trans -0.000000,0.000000,-0.000000
frame 14
rota 0.991212,0.124300,0.045261,0.000000
rota -0.132067,0.910267,0.392392,0.000000
rota 0.007574,-0.394921,0.918684,0.000000
rota 0.000000,0.000000,0.000000,1.000000
scale 1.000000,1.000000,1.000000
trans 0.000000,0.000000,-0.000000
frame 15
rota 0.991850,0.091507,0.088661,0.000000
rota -0.127407,0.719568,0.682634,0.000000
rota -0.001332,-0.688367,0.725362,0.000000
rota 0.000000,0.000000,0.000000,1.000000
scale 1.000000,1.000000,1.000001
trans -0.000000,0.000000,-0.000000
frame 16
rota 0.981276,-0.035580,0.189291,0.000000
rota -0.140865,0.537675,0.831302,0.000000
rota -0.131355,-0.842401,0.522596,0.000000
rota 0.000000,0.000000,0.000000,1.000000
scale 1.000000,1.000000,1.000000
trans 0.000000,0.000000,-0.000000

frame 0
rota 0.995352,0.076404,-0.058620,0.000000
rota -0.030780,-0.324384,-0.945425,0.000000
rota -0.091249,0.942835,-0.320525,0.000000
rota 0.000000,0.000000,0.000000,1.000000
scale 0.999999,1.000000,1.000000
trans 0.000000,0.000000,-0.000000
frame 1
rota 0.992193,0.109347,-0.059967,0.000000
rota -0.040160,-0.175086,-0.983733,0.000000
rota -0.118068,0.978461,-0.169327,0.000000
rota 0.000000,0.000000,0.000000,1.000000
scale 1.000000,1.000000,1.000000
trans 0.000000,-0.000000,-0.000000
frame 2
rota 0.994069,0.108748,0.000332,0.000000
rota -0.036763,0.338922,-0.940095,0.000000
rota -0.102346,0.934508,0.340910,0.000000
rota 0.000000,0.000000,0.000000,1.000000
scale 1.000000,1.000000,1.000000
trans -0.000000,-0.000000,-0.000000
frame 3
rota 0.994886,0.057858,0.082795,0.000000
rota -0.025977,0.938680,-0.343811,0.000000
rota -0.097611,0.339902,0.935382,0.000000
rota 0.000000,0.000000,0.000000,1.000000
scale 1.000000,1.000000,1.000000
trans -0.000000,-0.000000,-0.000000
frame 4
rota 0.996024,0.050097,0.073666,0.000000
rota -0.015816,0.913207,-0.407190,0.000000
rota -0.087672,0.404406,0.910368,0.000000
rota 0.000000,0.000000,0.000000,1.000000
scale 1.000000,1.000000,1.000000
trans 0.000000,-0.000000,-0.000000
frame 5
rota 0.997884,0.031600,0.056831,0.000000
rota 0.014755,0.741148,-0.671180,0.000000
rota -0.063329,0.670598,0.739113,0.000000
rota 0.000000,0.000000,0.000000,1.000000
scale 1.000000,1.000000,1.000000
trans -0.000000,0.000000,-0.000000
frame 6
rota 0.999010,0.028864,0.033849,0.000000
rota 0.006101,0.664830,-0.746970,0.000000
rota -0.044064,0.746437,0.663996,0.000000
rota 0.000000,0.000000,0.000000,1.000000
scale 1.000000,1.000000,1.000000
trans 0.000000,0.000000,-0.000000
frame 7
rota 0.997640,-0.031671,-0.060921,0.000000
rota -0.014784,0.767370,-0.641034,0.000000
rota 0.067051,0.640421,0.765091,0.000000
rota 0.000000,0.000000,0.000000,1.000000
scale 1.000000,1.000000,0.999999
trans 0.000000,0.000000,-0.000000
frame 8
rota 0.986989,-0.035426,-0.156839,0.000000
rota -0.027897,0.922904,-0.384018,0.000000
rota 0.158352,0.383397,0.909907,0.000000
rota 0.000000,0.000000,0.000000,1.000000
scale 1.000000,1.000000,1.000000
trans -0.000000,0.000000,-0.000000
frame 9
rota 0.989737,-0.015551,-0.142051,0.000000
rota -0.026714,0.956402,-0.290830,0.000000
rota 0.140381,0.291640,0.946171,0.000000
rota 0.000000,0.000000,0.000000,1.000000
scale 1.000000,1.000000,1.000000
trans -0.000000,0.000000,-0.000000
frame 10
rota 0.998879,0.030728,-0.035993,0.000000
rota -0.043872,0.886452,-0.460737,0.000000
rota 0.017748,0.461800,0.886807,0.000000
rota 0.000000,0.000000,0.000000,1.000000
scale 1.000000,1.000000,1.000000
trans 0.000000,0.000000,-0.000000
frame 11
rota 0.999102,0.030378,-0.029534,0.000000
rota -0.042088,0.631489,-0.774242,0.000000
rota -0.004870,0.774790,0.632200,0.000000
rota 0.000000,0.000000,0.000000,1.000000
scale 1.000000,1.000000,1.000001
trans -0.000000,-0.000000,-0.000000
frame 12
rota 0.999013,-0.034243,-0.028287,0.000000
rota -0.023324,0.137530,-0.990224,0.000000
rota 0.037798,0.989906,0.136595,0.000000
rota 0.000000,0.000000,0.000000,1.000000
scale 1.000000,1.000000,1.000000
trans -0.000000,-0.000000,-0.000000
frame 13
rota 0.989484,-0.139560,0.038012,0.000000
rota -0.010788,-0.333267,-0.942771,0.000000
rota 0.144241,0.932446,-0.331268,0.000000
rota 0.000000,0.000000,0.000000,1.000000
scale 1.000000,1.000000,1.000000
trans 0.000000,-0.000000,-0.000000
frame 14
rota 0.963900,-0.217850,0.153098,0.000000
rota 0.002289,-0.568182,-0.822900,0.000000
rota 0.266256,0.793544,-0.547172,0.000000
rota 0.000000,0.000000,0.000000,1.000000
scale 1.000000,1.000000,1.000000
trans 0.000000,-0.000000,-0.000000
frame 15
rota 0.983553,-0.151380,0.098528,0.000000
rota 0.002188,-0.535476,-0.844547,0.000000
rota 0.180607,0.830872,-0.526338,0.000000
rota 0.000000,0.000000,0.000000,1.000000
scale 1.000000,1.000000,1.000000
trans 0.000000,0.000000,-0.000000
frame 16
rota 0.999878,-0.006767,-0.014047,0.000000
rota -0.015526,-0.349438,-0.936831,0.000000
rota 0.001431,0.936936,-0.349501,0.000000
rota 0.000000,0.000000,0.000000,1.000000
scale 0.999999,1.000000,1.000000
trans 0.000000,0.000000,-0.000000

frame 0
rota 0.967918,0.225506,-0.110819,0.000000
rota -0.249875,0.910212,-0.330269,0.000000
rota 0.026391,0.347364,0.937359,0.000000
rota 0.000000,0.000000,0.000000,1.000000
scale 1.000000,1.000000,1.000000
trans 0.000000,0.000000,-0.000000
frame 1
rota 0.981437,0.153959,-0.114360,0.000000
rota -0.187337,0.897280,-0.399742,0.000000
rota 0.041069,0.413745,0.909466,0.000000
rota 0.000000,0.000000,0.000000,1.000000
scale 1.000000,1.000000,1.000000
trans 0.000000,-0.000000,-0.000000
frame 2
rota 0.993776,0.088872,-0.067167,0.000000
rota -0.103647,0.958633,-0.265104,0.000000
rota 0.040829,0.270416,0.961877,0.000000
rota 0.000000,0.000000,0.000000,1.000000
scale 1.000000,1.000000,1.000000
trans 0.000000,-0.000000,-0.000000
frame 3
rota 0.999158,0.026671,-0.031171,0.000000
rota -0.029784,0.994120,-0.104108,0.000000
rota 0.028211,0.104949,0.994077,0.000000
rota 0.000000,0.000000,0.000000,1.000000
scale 1.000000,1.000000,1.000000
trans -0.000000,-0.000000,-0.000000
frame 4
rota 0.999886,-0.010164,-0.011126,0.000000
rota 0.010107,0.999936,-0.005184,0.000000
rota 0.011178,0.005071,0.999925,0.000000
rota 0.000000,0.000000,0.000000,1.000000
scale 1.000000,0.999999,1.000000
trans 0.000000,-0.000000,-0.000000
frame 5
rota 0.999923,-0.005410,-0.011160,0.000000
rota 0.007186,0.986147,0.165719,0.000000
rota 0.010109,-0.165786,0.986110,0.000000
rota 0.000000,0.000000,0.000000,1.000000
scale 1.000000,1.000000,1.000000
trans 0.000000,-0.000000,-0.000000
frame 6
rota 0.999617,-0.008932,-0.026210,0.000000
rota 0.018650,0.916847,0.398802,0.000000
rota 0.020469,-0.399138,0.916662,0.000000
rota 0.000000,0.000000,0.000000,1.000000
scale 1.000000,1.000000,1.000000
trans -0.000000,-0.000000,-0.000000
frame 7
rota 0.999558,0.005838,-0.029149,0.000000
rota 0.009751,0.861898,0.506989,0.000000
rota 0.028083,-0.507049,0.861460,0.000000
rota 0.000000,0.000000,0.000000,1.000000
scale 1.000000,1.000000,1.000000
trans 0.000000,-0.000000,-0.000000
frame 8
rota 0.999886,-0.001368,-0.015015,0.000000
rota 0.005556,0.959223,0.282597,0.000000
rota 0.014016,-0.282648,0.959121,0.000000
rota 0.000000,0.000000,0.000000,1.000000
scale 1.000000,1.000000,1.000000
trans 0.000000,-0.000000,-0.000000
frame 9
rota 0.999922,0.003430,-0.012040,0.000000
rota -0.004118,0.998333,-0.057576,0.000000
rota 0.011822,0.057621,0.998268,0.000000
rota 0.000000,0.000000,0.000000,1.000000
scale 1.000000,1.000000,1.000000
trans -0.000000,-0.000000,-0.000000
frame 10
rota 0.999982,-0.005717,-0.001537,0.000000
rota 0.005519,0.994198,-0.107425,0.000000
rota 0.002142,0.107415,0.994212,0.000000
rota 0.000000,0.000000,0.000000,1.000000
scale 1.000000,1.000000,1.000000
trans 0.000000,-0.000000,-0.000000
frame 11
rota 0.999093,-0.042380,0.004104,0.000000
rota 0.042575,0.993196,-0.108391,0.000000
rota 0.000518,0.108467,0.994100,0.000000
rota 0.000000,0.000000,0.000000,1.000000
scale 1.000000,1.000000,1.000000
trans -0.000000,-0.000000,-0.000000
frame 12
rota 0.998693,-0.050635,0.006937,0.000000
rota 0.050695,0.964230,-0.260176,0.000000
rota 0.006485,0.260187,0.965536,0.000000
rota 0.000000,0.000000,0.000000,1.000000
scale 1.000000,1.000000,1.000000
trans -0.000000,-0.000000,-0.000000
frame 13
rota 0.999967,0.003815,-0.007124,0.000000
rota -0.006468,0.906318,-0.422547,0.000000
rota 0.004845,0.422580,0.906313,0.000000
rota 0.000000,0.000000,0.000000,1.000000
scale 1.000000,1.000000,1.000000
trans -0.000000,-0.000000,-0.000000
frame 14
rota 0.991210,0.126663,-0.038188,0.000000
rota -0.131554,0.913188,-0.385723,0.000000
rota -0.013984,0.387357,0.921824,0.000000
rota 0.000000,0.000000,0.000000,1.000000
scale 1.000000,1.000001,1.000000
trans -0.000000,-0.000000,-0.000000
frame 15
rota 0.974537,0.214806,-0.064306,0.000000
rota -0.224145,0.925614,-0.304956,0.000000
rota -0.005984,0.311604,0.950193,0.000000
rota 0.000000,0.000000,0.000000,1.000000
scale 1.000000,1.000000,1.000000
trans 0.000000,0.000000,-0.000000
frame 16
rota 0.942582,0.329058,-0.057094,0.000000
rota -0.333460,0.917785,-0.215579,0.000000
rota -0.018538,0.222240,0.974816,0.000000
rota 0.000000,0.000000,0.000000,1.000000
scale 1.000000,1.000000,1.000000
trans 0.000000,-0.000001,-0.000000

frame 0
rota 0.993966,-0.109608,0.004099,0.000000
rota 0.109411,0.993431,0.033543,0.000000
rota -0.007749,-0.032892,0.999429,0.000000
rota 0.000000,0.000000,0.000000,1.000000
scale 1.000000,1.000000,1.000000
trans 0.000000,0.000000,-0.000000
frame 1
rota 0.993078,-0.098179,-0.064481,0.000000
rota 0.101978,0.993063,0.058538,0.000000
rota 0.058287,-0.064709,0.996201,0.000000
rota 0.000000,0.000000,0.000000,1.000000
scale 1.000000,1.000000,1.000000
trans -0.000000,0.000000,-0.000000
frame 2
rota 0.994531,-0.080939,-0.066015,0.000000
rota 0.084433,0.995073,0.051976,0.000000
rota 0.061483,-0.057265,0.996464,0.000000
rota 0.000000,0.000000,0.000000,1.000000
scale 1.000000,1.000000,1.000000
trans -0.000000,0.000000,-0.000000
frame 3
rota 0.998069,-0.055965,-0.026950,0.000000
rota 0.056565,0.998155,0.022067,0.000000
rota 0.025665,-0.023548,0.999393,0.000000
rota 0.000000,0.000000,0.000000,1.000000
scale 1.000000,1.000000,1.000000
trans -0.000000,-0.000000,-0.000000
frame 4
rota 0.999359,-0.035265,0.006199,0.000000
rota 0.035292,0.999368,-0.004339,0.000000
rota -0.006043,0.004555,0.999971,0.000000
rota 0.000000,0.000000,0.000000,1.000000
scale 1.000000,1.000000,1.000000
trans -0.000000,0.000000,-0.000000
frame 5
rota 0.999457,-0.030418,0.012651,0.000000
rota 0.030545,0.999484,-0.009972,0.000000
rota -0.012341,0.010353,0.999870,0.000000
rota 0.000000,0.000000,0.000000,1.000000
scale 1.000000,1.000000,1.000000
trans -0.000000,-0.000000,-0.000000
frame 6
rota 0.999457,-0.030436,0.012641,0.000000
rota 0.030563,0.999483,-0.009986,0.000000
rota -0.012331,0.010367,0.999870,0.000000
rota 0.000000,0.000000,0.000000,1.000000
scale 1.000000,1.000000,1.000000
trans -0.000000,-0.000000,-0.000000
frame 7
rota 0.999456,-0.030458,0.012634,0.000000
rota 0.030585,0.999482,-0.010014,0.000000
rota -0.012322,0.010395,0.999870,0.000000
rota 0.000000,0.000000,0.000000,1.000000
scale 1.000000,1.000000,1.000000
trans -0.000000,0.000000,-0.000000
frame 8
rota 0.998847,-0.032613,0.035236,0.000000
rota 0.023297,0.970923,0.238257,0.000000
rota -0.041982,-0.237161,0.970563,0.000000
rota 0.000000,0.000000,0.000000,1.000000
scale 1.000000,1.000000,1.000000
trans 0.000000,0.000000,-0.000000
frame 9
rota 0.967235,-0.182283,0.176717,0.000000
rota 0.144192,0.967319,0.208574,0.000000
rota -0.208961,-0.176259,0.961909,0.000000
rota 0.000000,0.000000,0.000000,1.000000
scale 1.000000,1.000000,1.000000
trans -0.000000,0.000000,-0.000000
frame 10
rota 0.936690,-0.297678,0.184389,0.000000
rota 0.296153,0.954446,0.036413,0.000000
rota -0.186829,0.020499,0.982179,0.000000
rota 0.000000,0.000000,0.000000,1.000000
scale 1.000000,1.000000,1.000000
trans -0.000000,0.000000,-0.000000
frame 11
rota 0.958168,-0.285830,0.014696,0.000000
rota 0.283890,0.955677,0.078032,0.000000
rota -0.036348,-0.070596,0.996843,0.000000
rota 0.000000,0.000000,0.000000,1.000000
scale 1.000000,1.000000,0.999999
trans -0.000000,0.000000,-0.000000
frame 12
rota 0.978838,-0.154871,-0.133757,0.000000
rota 0.163342,0.985046,0.054805,0.000000
rota 0.123269,-0.075493,0.989498,0.000000
rota 0.000000,0.000000,0.000000,1.000000
scale 1.000000,1.000000,1.000000
trans -0.000000,0.000000,-0.000000
frame 13
rota 0.965551,-0.243574,0.091563,0.000000
rota 0.247574,0.968235,-0.035039,0.000000
rota -0.080120,0.056501,0.995183,0.000000
rota 0.000000,0.000000,0.000000,1.000000
scale 1.000000,1.000000,1.000000
trans -0.000000,-0.000000,-0.000000
frame 14
rota 0.862816,-0.291335,0.413126,0.000000
rota 0.409232,0.882317,-0.232476,0.000000
rota -0.296780,0.369649,0.880501,0.000000
rota 0.000000,0.000000,0.000000,1.000000
scale 1.000000,1.000000,1.000000
trans -0.000000,0.000000,-0.000000
frame 15
rota 0.996017,-0.062752,0.063338,0.000000
rota 0.069212,0.992001,-0.105560,0.000000
rota -0.056208,0.109523,0.992394,0.000000
rota 0.000000,0.000000,0.000000,1.000000
scale 1.000000,0.999999,1.000000
trans 0.000000,0.000000,-0.000000
frame 16
rota 0.987929,-0.121149,0.096536,0.000000
rota 0.121889,0.992542,-0.001780,0.000000
rota -0.095600,0.013525,0.995328,0.000000
rota 0.000000,0.000000,0.000000,1.000000
scale 1.000000,1.000000,1.000000
trans -0.000000,-0.000000,-0.000000

frame 0
rota 1.000000,0.000000,-0.000000,0.000000
rota -0.000000,1.000000,0.000000,0.000000
rota 0.000000,0.000000,1.000000,0.000000
rota 0.000000,0.000000,0.000000,1.000000
scale 1.000000,1.000000,1.000000
trans 0.000000,0.000000,-0.000000
frame 1
rota 1.000000,0.000000,0.000000,0.000000
rota 0.000000,1.000000,-0.000000,0.000000
rota -0.000000,0.000000,1.000000,0.000000
rota 0.000000,0.000000,0.000000,1.000000
scale 1.000000,1.000000,1.000000
trans 0.000000,0.000000,-0.000000
frame 2
rota 1.000000,0.000000,-0.000000,0.000000
rota -0.000000,1.000000,0.000000,0.000000
rota 0.000000,0.000000,1.000000,0.000000
rota 0.000000,0.000000,0.000000,1.000000
scale 1.000000,1.000000,1.000000
trans 0.000000,-0.000000,-0.000000
frame 3
rota 1.000000,0.000000,0.000000,0.000000
rota 0.000000,1.000000,0.000000,0.000000
rota 0.000000,0.000000,1.000000,0.000000
rota 0.000000,0.000000,0.000000,1.000000
scale 1.000000,1.000000,1.000000
trans 0.000000,0.000000,-0.000000
frame 4
rota 1.000000,0.000000,0.000000,0.000000
rota 0.000000,1.000000,-0.000000,0.000000
rota -0.000000,0.000000,1.000000,0.000000
rota 0.000000,0.000000,0.000000,1.000000
scale 1.000000,1.000000,1.000000
trans 0.000000,0.000000,-0.000000
frame 5
rota 1.000000,0.000000,0.000000,0.000000
rota 0.000000,1.000000,-0.000000,0.000000
rota -0.000000,0.000000,1.000000,0.000000
rota 0.000000,0.000000,0.000000,1.000000
scale 1.000000,1.000000,1.000000
trans 0.000000,0.000000,-0.000000
frame 6
rota 1.000000,0.000000,-0.000000,0.000000
rota -0.000000,1.000000,0.000000,0.000000
rota 0.000000,0.000000,1.000000,0.000000
rota 0.000000,0.000000,0.000000,1.000000
scale 1.000000,1.000000,1.000000
trans 0.000000,0.000000,-0.000000
frame 7
rota 1.000000,0.000000,0.000000,0.000000
rota 0.000000,1.000000,-0.000000,0.000000
rota -0.000000,0.000000,1.000000,0.000000
rota 0.000000,0.000000,0.000000,1.000000
scale 1.000000,1.000000,1.000000
trans 0.000000,0.000000,-0.000000
frame 8
rota 1.000000,0.000000,0.000000,0.000000
rota -0.000000,1.000000,0.000000,0.000000
rota 0.000000,-0.000000,1.000000,0.000000
rota 0.000000,0.000000,0.000000,1.000000
scale 1.000000,1.000000,1.000000
trans 0.000000,0.000000,-0.000000
frame 9
rota 1.000000,0.000000,-0.000000,0.000000
rota -0.000000,1.000000,0.000000,0.000000
rota 0.000000,0.000000,1.000000,0.000000
rota 0.000000,0.000000,0.000000,1.000000
scale 1.000000,1.000000,1.000000
trans 0.000000,-0.000000,-0.000000
frame 10
rota 1.000000,0.000000,-0.000000,0.000000
rota -0.000000,1.000000,0.000000,0.000000
rota 0.000000,0.000000,1.000000,0.000000
rota 0.000000,0.000000,0.000000,1.000000
scale 1.000000,1.000000,1.000000
trans 0.000000,-0.000000,-0.000000
frame 11
rota 1.000000,0.000000,-0.000000,0.000000
rota -0.000000,1.000000,0.000000,0.000000
rota 0.000000,0.000000,1.000000,0.000000
rota 0.000000,0.000000,0.000000,1.000000
scale 1.000000,1.000000,1.000000
trans 0.000000,-0.000000,-0.000000
frame 12
rota 1.000000,0.000000,0.000000,0.000000
rota 0.000000,1.000000,-0.000000,0.000000
rota -0.000000,0.000000,1.000000,0.000000
rota 0.000000,0.000000,0.000000,1.000000
scale 1.000000,1.000000,1.000000
trans 0.000000,0.000000,-0.000000
frame 13
rota 1.000000,0.000000,0.000000,0.000000
rota 0.000000,1.000000,0.000000,0.000000
rota 0.000000,0.000000,1.000000,0.000000
rota 0.000000,0.000000,0.000000,1.000000
scale 1.000000,1.000000,1.000000
trans 0.000000,0.000000,-0.000000
frame 14
rota 1.000000,0.000000,0.000000,0.000000
rota 0.000000,1.000000,0.000000,0.000000
rota 0.000000,0.000000,1.000000,0.000000
rota 0.000000,0.000000,0.000000,1.000000
scale 1.000000,1.000000,1.000000
trans 0.000000,-0.000000,-0.000000
frame 15
rota 1.000000,0.000000,0.000000,0.000000
rota 0.000000,1.000000,0.000000,0.000000
rota 0.000000,0.000000,1.000000,0.000000
rota 0.000000,0.000000,0.000000,1.000000
scale 1.000000,1.000000,1.000000
trans -0.000000,0.000000,-0.000000
frame 16
rota 1.000000,0.000000,0.000000,0.000000
rota -0.000000,1.000000,0.000000,0.000000
rota 0.000000,-0.000000,1.000000,0.000000
rota 0.000000,0.000000,0.000000,1.000000
scale 1.000000,1.000000,1.000000
trans 0.000000,0.000000,-0.000000

frame 0
rota 0.969892,-0.215207,-0.113998,0.000000
rota 0.213361,0.976564,-0.028297,0.000000
rota 0.117416,0.003123,0.993078,0.000000
rota 0.000000,0.000000,0.000000,1.000000
scale 1.000000,1.000000,1.000000
trans 0.000000,0.000000,-0.000000
frame 1
rota 0.945801,-0.266129,-0.186108,0.000000
rota 0.214458,0.942197,-0.257435,0.000000
rota 0.243861,0.203570,0.948204,0.000000
rota 0.000000,0.000000,0.000000,1.000000
scale 0.999999,1.000000,1.000000
trans -0.000000,-0.000000,-0.000000
frame 2
rota 0.945104,-0.252747,-0.207117,0.000000
rota 0.209661,0.955194,-0.208918,0.000000
rota 0.250641,0.154025,0.955749,0.000000
rota 0.000000,0.000000,0.000000,1.000000
scale 1.000000,1.000000,1.000000
trans -0.000000,0.000000,-0.000000
frame 3
rota 0.960457,-0.199667,-0.194051,0.000000
rota 0.177865,0.976198,-0.124105,0.000000
rota 0.214212,0.084683,0.973109,0.000000
rota 0.000000,0.000000,0.000000,1.000000
scale 1.000000,1.000000,1.000000
trans -0.000000,0.000000,-0.000000
frame 4
rota 0.970779,-0.213962,-0.108665,0.000000
rota 0.211534,0.976795,-0.033531,0.000000
rota 0.113318,0.009564,0.993513,0.000000
rota 0.000000,0.000000,0.000000,1.000000
scale 0.999999,1.000000,1.000000
trans -0.000000,-0.000000,-0.000000
frame 5
rota 0.961010,-0.267208,-0.071133,0.000000
rota 0.275577,0.946684,0.166876,0.000000
rota 0.022750,-0.179972,0.983409,0.000000
rota 0.000000,0.000000,0.000000,1.000000
scale 1.000000,1.000000,1.000000
trans -0.000000,-0.000000,-0.000000
frame 6
rota 0.946079,-0.303409,-0.113482,0.000000
rota 0.318340,0.805973,0.499066,0.000000
rota -0.059958,-0.508281,0.859101,0.000000
rota 0.000000,0.000000,0.000000,1.000000
scale 1.000000,1.000000,1.000000
trans -0.000000,0.000000,-0.000000
frame 7
rota 0.950134,-0.203812,-0.236020,0.000000
rota 0.308482,0.503511,0.807041,0.000000
rota -0.045646,-0.839606,0.541275,0.000000
rota 0.000000,0.000000,0.000000,1.000000
scale 1.000000,1.000000,1.000000
trans -0.000000,-0.000000,-0.000000
frame 8
rota 0.965688,-0.064163,-0.251652,0.000000
rota 0.259434,0.282466,0.923529,0.000000
rota 0.011826,-0.957129,0.289420,0.000000
rota 0.000000,0.000000,0.000000,1.000000
scale 1.000000,1.000000,1.000000
trans -0.000000,-0.000000,-0.000000
frame 9
rota 0.977538,-0.003287,-0.210736,0.000000
rota 0.206455,0.216022,0.954312,0.000000
rota 0.042387,-0.976383,0.211849,0.000000
rota 0.000000,0.000000,0.000000,1.000000
scale 1.000000,0.999999,1.000000
trans -0.000000,-0.000000,-0.000000
frame 10
rota 0.986318,0.005052,-0.164775,0.000000
rota 0.157398,0.268304,0.950389,0.000000
rota 0.049012,-0.963321,0.263838,0.000000
rota 0.000000,0.000000,0.000000,1.000000
scale 1.000000,1.000000,1.000000
trans -0.000000,-0.000000,-0.000000
frame 11
rota 0.991683,0.001171,-0.128699,0.000000
rota 0.115247,0.437088,0.892005,0.000000
rota 0.057297,-0.899419,0.433317,0.000000
rota 0.000000,0.000000,0.000000,1.000000
scale 1.000000,1.000000,1.000000
trans -0.000000,0.000000,-0.000000
frame 12
rota 0.995592,-0.030000,-0.088865,0.000000
rota 0.087372,0.641163,0.762415,0.000000
rota 0.034105,-0.766818,0.640958,0.000000
rota 0.000000,0.000000,0.000000,1.000000
scale 1.000000,1.000000,1.000000
trans -0.000000,-0.000000,-0.000000
frame 13
rota 0.995503,-0.091695,-0.023779,0.000000
rota 0.076761,0.633766,0.769706,0.000000
rota -0.055508,-0.768071,0.637955,0.000000
rota 0.000000,0.000000,0.000000,1.000000
scale 0.999999,1.000000,1.000000
trans -0.000000,-0.000000,-0.000000
frame 14
rota 0.995182,-0.093864,0.028322,0.000000
rota 0.046784,0.708492,0.704166,0.000000
rota -0.086162,-0.699449,0.709470,0.000000
rota 0.000000,0.000000,0.000000,1.000000
scale 1.000000,1.000000,1.000000
trans -0.000000,0.000000,-0.000000
frame 15
rota 0.996078,-0.088214,0.006839,0.000000
rota 0.071467,0.847729,0.525593,0.000000
rota -0.052162,-0.523043,0.850709,0.000000
rota 0.000000,0.000000,0.000000,1.000000
scale 1.000000,1.000000,1.000000
trans -0.000000,0.000000,-0.000000
frame 16
rota 0.991093,-0.132311,-0.015123,0.000000
rota 0.129040,0.926052,0.354649,0.000000
rota -0.032920,-0.353442,0.934877,0.000000
rota 0.000000,0.000000,0.000000,1.000000
scale 1.000000,1.000000,1.000000
trans -0.000000,-0.000000,-0.000000

frame 0
rota 0.967935,-0.014599,0.250776,0.000000
rota 0.067786,0.976455,-0.204796,0.000000
rota -0.241881,0.215228,0.946134,0.000000
rota 0.000000,0.000000,0.000000,1.000000
scale 1.000000,1.000000,1.000000
trans 0.000000,0.000000,-0.000000
frame 1
rota 0.977299,-0.050990,0.205636,0.000000
rota 0.037472,0.996905,0.069108,0.000000
rota -0.208523,-0.059833,0.976185,0.000000
rota 0.000000,0.000000,0.000000,1.000000
scale 1.000000,1.000000,1.000000
trans 0.000000,0.000000,-0.000000
frame 2
rota 0.991133,-0.040730,0.126474,0.000000
rota 0.072120,0.964349,-0.254616,0.000000
rota -0.111595,0.261480,0.958736,0.000000
rota 0.000000,0.000000,0.000000,1.000000
scale 0.999999,1.000000,1.000000
trans 0.000000,0.000000,-0.000000
frame 3
rota 0.982873,-0.087022,0.162442,0.000000
rota 0.176959,0.691726,-0.700144,0.000000
rota -0.051438,0.716898,0.695278,0.000000
rota 0.000000,0.000000,0.000000,1.000000
scale 1.000000,1.000000,1.000000
trans 0.000000,0.000000,-0.000000
frame 4
rota 0.981713,0.150310,0.116814,0.000000
rota 0.082127,0.219175,-0.972223,0.000000
rota -0.171738,0.964038,0.202822,0.000000
rota 0.000000,0.000000,0.000000,1.000000
scale 1.000000,1.000000,1.000000
trans -0.000000,0.000000,-0.000000
frame 5
rota 0.958356,0.267201,-0.100787,0.000000
rota -0.021518,-0.284355,-0.958479,0.000000
rota -0.284766,0.920732,-0.266763,0.000000
rota 0.000000,0.000000,0.000000,1.000000
scale 1.000000,1.000000,0.999999
trans 0.000000,0.000000,-0.000000
frame 6
rota 0.942879,0.237726,-0.233377,0.000000
rota -0.063632,-0.559132,-0.826633,0.000000
rota -0.327001,0.794265,-0.512067,0.000000
rota 0.000000,0.000000,0.000000,1.000000
scale 1.000000,1.000000,1.000000
trans -0.000000,0.000000,-0.000000
frame 7
rota 0.953814,0.214124,-0.210691,0.000000
rota -0.062511,-0.544539,-0.836403,0.000000
rota -0.293823,0.810943,-0.506004,0.000000
rota 0.000000,0.000000,0.000000,1.000000
scale 0.999999,1.000001,1.000000
trans 0.000000,0.000000,-0.000000
frame 8
rota 0.972931,0.196467,-0.121676,0.000000
rota -0.072213,-0.241685,-0.967663,0.000000
rota -0.219522,0.950257,-0.220956,0.000000
rota 0.000000,0.000000,0.000000,1.000000
scale 1.000000,1.000000,1.000000
trans -0.000000,-0.000000,-0.000000
frame 9
rota 0.989779,0.134203,-0.048247,0.000000
rota -0.070013,0.162526,-0.984217,0.000000
rota -0.124243,0.977535,0.170261,0.000000
rota 0.000000,0.000000,0.000000,1.000000
scale 1.000000,1.000000,1.000000
trans -0.000000,0.000000,-0.000000
frame 10
rota 0.997819,0.064234,-0.015225,0.000000
rota -0.047638,0.540984,-0.839683,0.000000
rota -0.045700,0.838576,0.542864,0.000000
rota 0.000000,0.000000,0.000000,1.000000
scale 1.000000,1.000000,1.000000
trans -0.000000,0.000000,-0.000000
frame 11
rota 0.999814,0.018951,-0.003529,0.000000
rota -0.018014,0.853340,-0.521044,0.000000
rota -0.006863,0.521011,0.853523,0.000000
rota 0.000000,0.000000,0.000000,1.000000
scale 1.000000,1.000000,0.999999
trans 0.000000,-0.000000,-0.000000
frame 12
rota 0.999813,0.002001,-0.019217,0.000000
rota -0.006648,0.969514,-0.244945,0.000000
rota 0.018141,0.245027,0.969346,0.000000
rota 0.000000,0.000000,0.000000,1.000000
scale 1.000000,1.000000,1.000000
trans 0.000000,0.000000,-0.000000
frame 13
rota 0.996410,-0.016368,-0.083059,0.000000
rota -0.041944,0.756790,-0.652310,0.000000
rota 0.073535,0.653453,0.753387,0.000000
rota 0.000000,0.000000,0.000000,1.000000
scale 1.000000,1.000000,1.000000
trans 0.000000,0.000000,-0.000000
frame 14
rota 0.996225,-0.047527,-0.072636,0.000000
rota -0.031476,0.582045,-0.812546,0.000000
rota 0.080895,0.811766,0.578353,0.000000
rota 0.000000,0.000000,0.000000,1.000000
scale 1.000000,1.000000,1.000000
trans 0.000000,0.000000,-0.000000
frame 15
rota 0.999845,-0.005314,0.016802,0.000000
rota 0.016310,0.640104,-0.768116,0.000000
rota -0.006673,0.768270,0.640091,0.000000
rota 0.000000,0.000000,0.000000,1.000000
scale 1.000000,1.000000,1.000000
trans -0.000000,0.000000,-0.000000
frame 16
rota 0.987029,0.037370,0.156133,0.000000
rota 0.072200,0.765309,-0.639601,0.000000
rota -0.143392,0.642577,0.752684,0.000000
rota 0.000000,0.000000,0.000000,1.000000
scale 1.000000,0.999999,1.000000
trans -0.000000,0.000000,-0.000000

frame 0
rota 0.995387,0.095741,0.006121,0.000000
rota -0.094552,0.968226,0.231512,0.000000
rota 0.016239,-0.231023,0.972813,0.000000
rota 0.000000,0.000000,0.000000,1.000000
scale 1.000000,1.000000,1.000000
trans 0.000000,0.000000,-0.000000
frame 1
rota 0.984634,0.173440,-0.020355,0.000000
rota -0.173858,0.962645,-0.207578,0.000000
rota -0.016408,0.207927,0.978007,0.000000
rota 0.000000,0.000000,0.000000,1.000000
scale 1.000000,1.000000,1.000000
trans 0.000000,0.000000,-0.000000
frame 2
rota 0.974307,0.222257,-0.036442,0.000000
rota -0.223839,0.937631,-0.265978,0.000000
rota -0.024946,0.267301,0.963290,0.000000
rota 0.000000,0.000000,0.000000,1.000000
scale 1.000000,1.000001,1.000000
trans 0.000000,0.000000,-0.000000
frame 3
rota 0.951440,0.305722,-0.035994,0.000000
rota -0.302055,0.904625,-0.300692,0.000000
rota -0.059367,0.296963,0.953042,0.000000
rota 0.000000,0.000000,0.000000,1.000000
scale 1.000000,1.000000,1.000000
trans 0.000000,0.000000,-0.000000
frame 4
rota 0.996131,0.087435,-0.008802,0.000000
rota -0.082828,0.900705,-0.426462,0.000000
rota -0.029360,0.425541,0.904463,0.000000
rota 0.000000,0.000000,0.000000,1.000000
scale 1.000000,1.000000,1.000000
trans 0.000000,0.000000,-0.000000
frame 5
rota 0.997842,-0.064046,0.014494,0.000000
rota 0.065029,0.933130,-0.353608,0.000000
rota 0.009122,0.353788,0.935281,0.000000
rota 0.000000,0.000000,0.000000,1.000000
scale 1.000000,1.000000,1.000000
trans 0.000000,0.000000,-0.000000
frame 6
rota 0.998509,-0.053605,0.010357,0.000000
rota 0.054578,0.975205,-0.214468,0.000000
rota 0.001397,0.214713,0.976676,0.000000
rota 0.000000,0.000000,0.000000,1.000000
scale 1.000000,1.000000,1.000000
trans -0.000000,0.000000,-0.000000
frame 7
rota 0.999306,-0.036069,0.009268,0.000000
rota 0.036620,0.996983,-0.068446,0.000000
rota -0.006772,0.068738,0.997612,0.000000
rota 0.000000,0.000000,0.000000,1.000000
scale 1.000000,1.000000,1.000000
trans 0.000000,-0.000000,-0.000000
frame 8
rota 0.997793,-0.066250,0.004563,0.000000
rota 0.066137,0.997577,0.021584,0.000000
rota -0.005982,-0.021234,0.999757,0.000000
rota 0.000000,0.000000,0.000000,1.000000
scale 1.000000,1.000000,1.000000
trans -0.000000,0.000000,-0.000000
frame 9
rota 0.998659,-0.051588,-0.004416,0.000000
rota 0.051698,0.998212,0.029996,0.000000
rota 0.002861,-0.030185,0.999540,0.000000
rota 0.000000,0.000000,0.000000,1.000000
scale 1.000000,1.000000,1.000000
trans 0.000000,-0.000000,-0.000000
frame 10
rota 0.999716,-0.020252,-0.012560,0.000000
rota 0.020097,0.999722,-0.012351,0.000000
rota 0.012806,0.012095,0.999845,0.000000
rota 0.000000,0.000000,0.000000,1.000000
scale 1.000000,1.000000,1.000000
trans 0.000000,-0.000000,-0.000000
frame 11
rota 0.999761,0.014113,-0.016698,0.000000
rota -0.015270,0.997338,-0.071297,0.000000
rota 0.015647,0.071535,0.997315,0.000000
rota 0.000000,0.000000,0.000000,1.000000
scale 1.000000,1.000000,1.000000
trans 0.000000,0.000000,-0.000000
frame 12
rota 0.998936,0.044239,-0.013065,0.000000
rota -0.045562,0.990517,-0.129613,0.000000
rota 0.007207,0.130070,0.991479,0.000000
rota 0.000000,0.000000,0.000000,1.000000
scale 1.000000,1.000000,1.000000
trans -0.000000,0.000000,-0.000000
frame 13
rota 0.998760,0.049467,0.005607,0.000000
rota -0.049780,0.990811,0.125762,0.000000
rota 0.000666,-0.125885,0.992045,0.000000
rota 0.000000,0.000000,0.000000,1.000000
scale 1.000000,1.000000,1.000000
trans 0.000000,0.000000,-0.000000
frame 14
rota 0.997100,0.071094,0.027141,0.000000
rota -0.075699,0.890139,0.449357,0.000000
rota 0.007787,-0.450108,0.892940,0.000000
rota 0.000000,0.000000,0.000000,1.000000
scale 1.000000,1.000000,1.000000
trans 0.000000,-0.000000,-0.000000
frame 15
rota 0.997925,0.057605,0.028760,0.000000
rota -0.063240,0.793101,0.605798,0.000000
rota 0.012088,-0.606360,0.795099,0.000000
rota 0.000000,0.000000,0.000000,1.000000
scale 1.000000,1.000000,1.000000
trans -0.000000,0.000000,-0.000000
frame 16
rota 0.997488,0.069183,0.015224,0.000000
rota -0.066932,0.850071,0.522398,0.000000
rota 0.023200,-0.522105,0.852566,0.000000
rota 0.000000,0.000000,0.000000,1.000000
scale 1.000000,1.000000,1.000000
trans 0.000000,0.000000,-0.000000

frame 0
rota 0.997939,0.034504,-0.054102,0.000000
rota -0.012162,0.929549,0.368498,0.000000
rota 0.063005,-0.367081,0.928053,0.000000
rota 0.000000,0.000000,0.000000,1.000000
scale 1.000000,1.000000,1.000000
trans 0.000000,0.000000,-0.000000
frame 1
rota 0.998576,0.049978,-0.018658,0.000000
rota -0.041740,0.949767,0.310162,0.000000
rota 0.033222,-0.308942,0.950501,0.000000
rota 0.000000,0.000000,0.000000,1.000000
scale 1.000000,1.000000,1.000000
trans 0.000000,0.000000,-0.000000
frame 2
rota 0.995226,0.068224,-0.069796,0.000000
rota -0.079258,0.982248,-0.170023,0.000000
rota 0.056957,0.174743,0.982965,0.000000
rota 0.000000,0.000000,0.000000,1.000000
scale 1.000000,1.000000,1.000000
trans 0.000000,0.000000,-0.000000
frame 3
rota 0.999446,0.009547,-0.031872,0.000000
rota -0.012136,0.996552,-0.082072,0.000000
rota 0.030978,0.082414,0.996117,0.000000
rota 0.000000,0.000000,0.000000,1.000000
scale 1.000000,1.000000,1.000000
trans 0.000000,0.000000,-0.000000
frame 4
rota 0.998492,0.021128,-0.050660,0.000000
rota -0.014485,0.991659,0.128073,0.000000
rota 0.052944,-0.127146,0.990470,0.000000
rota 0.000000,0.000000,0.000000,1.000000
scale 1.000000,1.000000,1.000000
trans 0.000000,-0.000000,-0.000000
frame 5
rota 0.986028,0.116044,-0.119510,0.000000
rota -0.091137,0.976341,0.196095,0.000000
rota 0.139438,-0.182463,0.973275,0.000000
rota 0.000000,0.000000,0.000000,1.000000
scale 1.000000,1.000000,1.000000
trans 0.000000,-0.000000,-0.000000
frame 6
rota 0.993069,0.110175,-0.040943,0.000000
rota -0.102678,0.982724,0.153985,0.000000
rota 0.057201,-0.148714,0.987225,0.000000
rota 0.000000,0.000000,0.000000,1.000000
scale 1.000000,1.000000,1.000000
trans 0.000000,0.000000,-0.000000
frame 7
rota 0.991653,0.102047,0.078803,0.000000
rota -0.107272,0.992090,0.065187,0.000000
rota -0.071527,-0.073096,0.994757,0.000000
rota 0.000000,0.000000,0.000000,1.000000
scale 1.000000,1.000000,1.000000
trans 0.000000,-0.000000,-0.000000
frame 8
rota 0.988809,0.104319,0.106651,0.000000
rota -0.109626,0.992947,0.045152,0.000000
rota -0.101189,-0.056338,0.993271,0.000000
rota 0.000000,0.000000,0.000000,1.000000
scale 1.000000,1.000000,1.000000
trans 0.000000,-0.000000,-0.000000
frame 9
rota 0.991849,0.073464,0.104111,0.000000
rota -0.081470,0.993861,0.074851,0.000000
rota -0.097973,-0.082723,0.991745,0.000000
rota 0.000000,0.000000,0.000000,1.000000
scale 1.000000,1.000000,1.000000
trans 0.000000,-0.000000,-0.000000
frame 10
rota 0.994643,0.064772,0.080561,0.000000
rota -0.071838,0.993514,0.088140,0.000000
rota -0.074330,-0.093455,0.992845,0.000000
rota 0.000000,0.000000,0.000000,1.000000
scale 1.000000,1.000000,1.000000
trans 0.000000,0.000000,-0.000000
frame 11
rota 0.998642,0.031282,0.041660,0.000000
