framenum 88
frame 0
rota 0.590790,-0.018486,-0.806613,0.000000
rota -0.116762,0.987254,-0.108146,0.000000
rota 0.798331,0.158073,0.581102,0.000000
rota 0.000000,0.000000,0.000000,1.000000
scale 1.000000,1.000000,1.000000
trans 0.000000,0.000000,-0.000000
frame 1
rota 0.609690,-0.017920,-0.792438,0.000000
rota -0.112706,0.987626,-0.109048,0.000000
rota 0.784587,0.155797,0.600126,0.000000
rota 0.000000,0.000000,0.000000,1.000000
scale 1.000000,1.000000,1.000000
trans 0.000206,-0.001018,0.001828
frame 2
rota 0.640156,-0.015259,-0.768094,0.000000
rota -0.107703,0.988146,-0.109394,0.000000
rota 0.760658,0.152755,0.630924,0.000000
rota 0.000000,0.000000,0.000000,1.000000
scale 1.000000,1.000000,1.000000
trans 0.001304,-0.002270,0.003358
frame 3
rota 0.678276,-0.009739,-0.734742,0.000000
rota -0.104790,0.988410,-0.109838,0.000000
rota 0.727297,0.151494,0.669395,0.000000
rota 0.000000,0.000000,0.000000,1.000000
scale 0.999999,1.000000,1.000000
trans 0.003424,-0.003582,0.004513
frame 4
rota 0.719012,-0.004034,-0.694985,0.000000
rota -0.101971,0.988549,-0.111234,0.000000
rota 0.687476,0.150847,0.710368,0.000000
rota 0.000000,0.000000,0.000000,1.000000
scale 1.000000,1.000000,1.000000
trans 0.005544,-0.004211,0.005164
frame 5
rota 0.757959,-0.001427,-0.652301,0.000000
rota -0.096047,0.988854,-0.113768,0.000000
rota 0.645193,0.148883,0.749373,0.000000
rota 0.000000,0.000000,0.000000,1.000000
scale 1.000000,1.000000,1.000000
trans 0.007643,-0.004295,0.005084
frame 6
rota 0.792521,-0.000147,-0.609845,0.000000
rota -0.089860,0.989056,-0.117015,0.000000
rota 0.603188,0.147537,0.783835,0.000000
rota 0.000000,0.000000,0.000000,1.000000
scale 1.000000,1.000000,1.000000
trans 0.009797,-0.003922,0.004444
frame 7
rota 0.819545,0.000166,-0.573015,0.000000
rota -0.083399,0.989386,-0.118995,0.000000
rota 0.566913,0.145311,0.810860,0.000000
rota 0.000000,0.000000,0.000000,1.000000
scale 1.000000,1.000000,1.000000
trans 0.011783,-0.002943,0.003695
frame 8
rota 0.839833,0.001619,-0.542842,0.000000
rota -0.078473,0.989854,-0.118454,0.000000
rota 0.537142,0.142080,0.831439,0.000000
rota 0.000000,0.000000,0.000000,1.000000
scale 1.000000,1.000000,1.000000
trans 0.013079,-0.001495,0.002476
frame 9
rota 0.855481,0.002228,-0.517829,0.000000
rota -0.074905,0.990006,-0.119487,0.000000
rota 0.512388,0.141007,0.847098,0.000000
rota 0.000000,0.000000,0.000000,1.000000
scale 1.000000,1.000000,1.000000
trans 0.014225,-0.000088,0.001495
frame 10
rota 0.867191,0.003100,-0.497966,0.000000
rota -0.072643,0.990071,-0.120341,0.000000
rota 0.492649,0.140532,0.858806,0.000000
rota 0.000000,0.000000,0.000000,1.000000
scale 1.000000,1.000000,1.000000
trans 0.015123,0.001149,0.000695
frame 11
rota 0.876043,0.003872,-0.482217,0.000000
rota -0.070785,0.990169,-0.120644,0.000000
rota 0.477009,0.139823,0.867705,0.000000
rota 0.000000,0.000000,0.000000,1.000000
scale 1.000000,1.000000,1.000000
trans 0.015760,0.002258,0.000082
frame 12
rota 0.881747,0.004044,-0.471705,0.000000
rota -0.069392,0.990197,-0.121224,0.000000
rota 0.466591,0.139622,0.873384,0.000000
rota 0.000000,0.000000,0.000000,1.000000
scale 1.000000,1.000000,1.000000
trans 0.015982,0.003099,-0.000201
frame 13
rota 0.886875,0.004567,-0.461987,0.000000
rota -0.069064,0.990026,-0.122795,0.000000
rota 0.456819,0.140810,0.878344,0.000000
rota 0.000000,0.000000,0.000000,1.000000
scale 1.000000,1.000000,1.000000
trans 0.015893,0.003502,-0.000197
frame 14
rota 0.892066,0.005036,-0.451877,0.000000
rota -0.068052,0.990032,-0.123312,0.000000
rota 0.446751,0.140754,0.883517,0.000000
rota 0.000000,0.000000,0.000000,1.000000
scale 1.000000,1.000000,1.000000
trans 0.015775,0.003579,0.000048
frame 15
rota 0.896849,0.005579,-0.442301,0.000000
rota -0.067089,0.990068,-0.123546,0.000000
rota 0.437219,0.140476,0.888316,0.000000
rota 0.000000,0.000000,0.000000,1.000000
scale 1.000000,1.000000,1.000000
trans 0.015674,0.003328,0.000704
frame 16
rota 0.902441,0.006904,-0.430758,0.000000
rota -0.066318,0.990180,-0.123066,0.000000
rota 0.425679,0.139627,0.894037,0.000000
rota 0.000000,0.000000,0.000000,1.000000
scale 1.000000,1.000000,1.000000
trans 0.015443,0.002794,0.001682
frame 17
rota 0.907755,0.007370,-0.419436,0.000000
rota -0.065275,0.990149,-0.123873,0.000000
rota 0.414391,0.139825,0.899294,0.000000
rota 0.000000,0.000000,0.000000,1.000000
scale 1.000000,1.000000,1.000000
trans 0.015139,0.002169,0.002851
frame 18
rota 0.912241,0.007174,-0.409591,0.000000
rota -0.063839,0.990121,-0.124841,0.000000
rota 0.404649,0.140034,0.903687,0.000000
rota 0.000000,0.000000,0.000000,1.000000
scale 1.000000,1.000000,1.000000
trans 0.014721,0.001604,0.004105
frame 19
rota 0.915663,0.007012,-0.401885,0.000000
rota -0.062786,0.990070,-0.125778,0.000000
rota 0.397012,0.140403,0.907011,0.000000
rota 0.000000,0.000000,0.000000,1.000000
scale 1.000000,1.000000,1.000000
trans 0.014225,0.001118,0.005325
frame 20
rota 0.917690,0.007857,-0.397220,0.000000
rota -0.062175,0.990326,-0.124052,0.000000
rota 0.392403,0.138538,0.909301,0.000000
rota 0.000000,0.000000,0.000000,1.000000
scale 1.000000,1.000000,1.000000
trans 0.013752,0.000769,0.006247
frame 21
rota 0.919195,0.008742,-0.393705,0.000000
rota -0.061710,0.990600,-0.122081,0.000000
rota 0.388937,0.136512,0.911094,0.000000
rota 0.000000,0.000000,0.000000,1.000000
scale 1.000000,1.000000,1.000000
trans 0.013333,0.000425,0.007085
frame 22
rota 0.919600,0.009373,-0.392744,0.000000
rota -0.061641,0.990775,-0.120685,0.000000
rota 0.387990,0.135191,0.911695,0.000000
rota 0.000000,0.000000,0.000000,1.000000
scale 1.000000,1.000000,1.000000
trans 0.013073,0.000018,0.007792
frame 23
rota 0.917779,0.010247,-0.396960,0.000000
rota -0.062441,0.990955,-0.118785,0.000000
rota 0.392153,0.133805,0.910117,0.000000
rota 0.000000,0.000000,0.000000,1.000000
scale 1.000000,1.000000,1.000000
trans 0.012946,-0.000526,0.008291
frame 24
rota 0.913044,0.010710,-0.407719,0.000000
rota -0.063331,0.991253,-0.115784,0.000000
rota 0.402913,0.131537,0.905737,0.000000
rota 0.000000,0.000000,0.000000,1.000000
scale 1.000000,1.000000,1.000000
trans 0.012766,-0.001101,0.008415
frame 25
rota 0.904186,0.009799,-0.427026,0.000000
rota -0.063943,0.991576,-0.112640,0.000000
rota 0.422325,0.129153,0.897196,0.000000
rota 0.000000,0.000000,0.000000,1.000000
scale 1.000000,1.000000,1.000000
trans 0.012567,-0.001689,0.008218
frame 26
rota 0.889857,0.007042,-0.456185,0.000000
rota -0.064495,0.991782,-0.110497,0.000000
rota 0.451658,0.127748,0.882998,0.000000
rota 0.000000,0.000000,0.000000,1.000000
scale 1.000000,1.000000,1.000000
trans 0.012426,-0.002506,0.007551
frame 27
rota 0.869679,0.003388,-0.493607,0.000000
rota -0.065298,0.991978,-0.108240,0.000000
rota 0.489281,0.126365,0.862923,0.000000
rota 0.000000,0.000000,0.000000,1.000000
scale 1.000000,1.000000,0.999999
trans 0.012307,-0.003457,0.006241
frame 28
rota 0.842124,0.000372,-0.539284,0.000000
rota -0.067394,0.992233,-0.104555,0.000000
rota 0.535057,0.124393,0.835608,0.000000
rota 0.000000,0.000000,0.000000,1.000000
scale 1.000000,1.000000,1.000000
trans 0.012343,-0.004385,0.003978
frame 29
rota 0.808888,-0.003162,-0.587954,0.000000
rota -0.069556,0.992449,-0.101031,0.000000
rota 0.583834,0.122619,0.802560,0.000000
rota 0.000000,0.000000,0.000000,1.000000
scale 1.000000,1.000000,1.000000
trans 0.012477,-0.005057,0.001463
frame 30
rota 0.769266,-0.005877,-0.638902,0.000000
rota -0.073896,0.992429,-0.098104,0.000000
rota 0.634641,0.122680,0.763007,0.000000
rota 0.000000,0.000000,0.000000,1.000000
scale 1.000000,1.000000,1.000000
trans 0.013041,-0.005294,-0.001039
frame 31
rota 0.724989,-0.008075,-0.688713,0.000000
rota -0.079803,0.992212,-0.095640,0.000000
rota 0.684121,0.124299,0.718699,0.000000
rota 0.000000,0.000000,0.000000,1.000000
scale 1.000000,1.000000,1.000000
trans 0.014063,-0.005108,-0.003505
frame 32
rota 0.679106,-0.011569,-0.733949,0.000000
rota -0.084381,0.992017,-0.093712,0.000000
rota 0.729174,0.125572,0.672709,0.000000
rota 0.000000,0.000000,0.000000,1.000000
scale 1.000000,1.000000,1.000000
trans 0.015286,-0.004235,-0.006363
frame 33
rota 0.631417,-0.015276,-0.775294,0.000000
rota -0.087975,0.991940,-0.091194,0.000000
rota 0.770437,0.125787,0.624983,0.000000
rota 0.000000,0.000000,0.000000,1.000000
scale 1.000000,1.000000,1.000000
trans 0.016872,-0.003109,-0.009264
frame 34
rota 0.584432,-0.020115,-0.811193,0.000000
rota -0.090370,0.991860,-0.089703,0.000000
rota 0.806395,0.125732,0.577857,0.000000
rota 0.000000,0.000000,0.000000,1.000000
scale 1.000000,1.000000,1.000000
trans 0.018871,-0.001769,-0.012326
frame 35
rota 0.536708,-0.025352,-0.843387,0.000000
rota -0.092332,0.991781,-0.088570,0.000000
rota 0.838701,0.125408,0.529956,0.000000
rota 0.000000,0.000000,0.000000,1.000000
scale 1.000000,1.000000,1.000000
trans 0.021168,-0.000211,-0.015634
frame 36
rota 0.490517,-0.029488,-0.870932,0.000000
rota -0.095322,0.991615,-0.087261,0.000000
rota 0.866202,0.125822,0.483593,0.000000
rota 0.000000,0.000000,0.000000,1.000000
scale 1.000000,1.000000,1.000000
trans 0.023454,0.001520,-0.019153
frame 37
rota 0.444273,-0.032249,-0.895311,0.000000
rota -0.097771,0.991638,-0.084235,0.000000
rota 0.890540,0.124959,0.437405,0.000000
rota 0.000000,0.000000,0.000000,1.000000
scale 1.000000,1.000000,1.000000
trans 0.025984,0.003243,-0.023107
frame 38
rota 0.398663,-0.033455,-0.916487,0.000000
rota -0.099965,0.991795,-0.079688,0.000000
rota 0.911633,0.123385,0.392047,0.000000
rota 0.000000,0.000000,0.000000,1.000000
scale 1.000000,1.000000,1.000000
trans 0.028442,0.004778,-0.027280
frame 39
rota 0.353972,-0.034111,-0.934633,0.000000
rota -0.101786,0.991994,-0.074754,0.000000
rota 0.929700,0.121593,0.347666,0.000000
rota 0.000000,0.000000,0.000000,1.000000
scale 1.000000,1.000000,1.000000
trans 0.030796,0.006184,-0.031368
frame 40
rota 0.309043,-0.034405,-0.950425,0.000000
rota -0.102629,0.992303,-0.069293,0.000000
rota 0.945494,0.118955,0.303133,0.000000
rota 0.000000,0.000000,0.000000,1.000000
scale 1.000000,1.000000,1.000000
trans 0.033044,0.007403,-0.035361
frame 41
rota 0.266782,-0.033335,-0.963181,0.000000
rota -0.105158,0.992428,-0.063474,0.000000
rota 0.958003,0.118220,0.261256,0.000000
rota 0.000000,0.000000,0.000000,1.000000
scale 1.000000,1.000000,1.000000
trans 0.035139,0.008474,-0.039083
frame 42
rota 0.225941,-0.031659,-0.973627,0.000000
rota -0.107274,0.992584,-0.057169,0.000000
rota 0.968216,0.117362,0.220869,0.000000
rota 0.000000,0.000000,0.000000,1.000000
scale 1.000000,1.000000,1.000000
trans 0.037077,0.009493,-0.042484
frame 43
rota 0.186009,-0.031839,-0.982031,0.000000
rota -0.107858,0.992773,-0.052617,0.000000
rota 0.976609,0.115708,0.181231,0.000000
rota 0.000000,0.000000,0.000000,1.000000
scale 1.000000,1.000000,1.000000
trans 0.038931,0.010244,-0.045507
frame 44
rota 0.151644,-0.033199,-0.987877,0.000000
rota -0.109939,0.992668,-0.050236,0.000000
rota 0.982301,0.116225,0.146882,0.000000
rota 0.000000,0.000000,0.000000,1.000000
scale 1.000000,1.000000,1.000000
trans 0.040747,0.010679,-0.048262
frame 45
rota 0.122842,-0.034349,-0.991832,0.000000
rota -0.111567,0.992588,-0.048193,0.000000
rota 0.986136,0.116576,0.118099,0.000000
rota 0.000000,0.000000,0.000000,1.000000
scale 1.000000,1.000000,1.000000
trans 0.042399,0.011027,-0.050852
frame 46
rota 0.097695,-0.035910,-0.994567,0.000000
rota -0.112865,0.992502,-0.046921,0.000000
rota 0.988795,0.116836,0.092909,0.000000
rota 0.000000,0.000000,0.000000,1.000000
scale 1.000000,1.000000,1.000000
trans 0.043714,0.011160,-0.053023
frame 47
rota 0.077434,-0.037229,-0.996302,0.000000
rota -0.113586,0.992467,-0.045914,0.000000
rota 0.990506,0.116722,0.072622,0.000000
rota 0.000000,0.000000,0.000000,1.000000
scale 1.000000,1.000000,1.000000
trans 0.044818,0.011145,-0.054775
frame 48
rota 0.065252,-0.038939,-0.997110,0.000000
rota -0.112925,0.992531,-0.046150,0.000000
rota 0.991460,0.115610,0.060367,0.000000
rota 0.000000,0.000000,0.000000,1.000000
scale 1.000000,1.000000,1.000000
trans 0.045570,0.010938,-0.056283
frame 49
rota 0.056637,-0.041295,-0.997541,0.000000
rota -0.111714,0.992608,-0.047434,0.000000
rota 0.992126,0.114126,0.051605,0.000000
rota 0.000000,0.000000,0.000000,1.000000
scale 1.000000,1.000000,1.000000
trans 0.046111,0.010543,-0.057731
frame 50
rota 0.051728,-0.044168,-0.997683,0.000000
rota -0.109811,0.992712,-0.049641,0.000000
rota 0.992605,0.112124,0.046501,0.000000
rota 0.000000,0.000000,0.000000,1.000000
scale 1.000000,1.000000,1.000000
trans 0.046490,0.009952,-0.059240
frame 51
rota 0.050294,-0.047012,-0.997627,0.000000
rota -0.110345,0.992515,-0.052334,0.000000
rota 0.992620,0.112715,0.044730,0.000000
rota 0.000000,0.000000,0.000000,1.000000
scale 1.000000,1.000000,1.000000
trans 0.047096,0.009078,-0.060611
frame 52
rota 0.051001,-0.050113,-0.997441,0.000000
rota -0.112385,0.992109,-0.055592,0.000000
rota 0.992355,0.114932,0.044967,0.000000
rota 0.000000,0.000000,0.000000,1.000000
scale 1.000000,1.000000,1.000000
trans 0.048026,0.008043,-0.061907
frame 53
rota 0.054439,-0.054137,-0.997049,0.000000
rota -0.114962,0.991549,-0.060115,0.000000
rota 0.991877,0.117895,0.047756,0.000000
rota 0.000000,0.000000,0.000000,1.000000
scale 1.000000,1.000000,1.000000
trans 0.049628,0.006933,-0.063268
frame 54
rota 0.062680,-0.058353,-0.996327,0.000000
rota -0.118709,0.990767,-0.065496,0.000000
rota 0.990949,0.122378,0.055174,0.000000
rota 0.000000,0.000000,0.000000,1.000000
scale 1.000000,1.000000,1.000000
trans 0.051713,0.005856,-0.064489
frame 55
rota 0.080760,-0.062978,-0.994742,0.000000
rota -0.120013,0.990127,-0.072429,0.000000
rota 0.989482,0.125231,0.072404,0.000000
rota 0.000000,0.000000,0.000000,1.000000
scale 1.000000,1.000000,1.000000
trans 0.053996,0.004983,-0.065666
frame 56
rota 0.108324,-0.067173,-0.991844,0.000000
rota -0.119136,0.989647,-0.080036,0.000000
rota 0.986951,0.126835,0.099199,0.000000
rota 0.000000,0.000000,0.000000,1.000000
scale 1.000000,1.000000,1.000000
trans 0.056115,0.003901,-0.066390
frame 57
rota 0.140951,-0.070083,-0.987532,0.000000
rota -0.116811,0.989346,-0.086884,0.000000
rota 0.983101,0.127601,0.131263,0.000000
rota 0.000000,0.000000,0.000000,1.000000
scale 1.000000,1.000000,1.000000
trans 0.057541,0.002439,-0.066511
frame 58
rota 0.177528,-0.071583,-0.981509,0.000000
rota -0.113665,0.989185,-0.092702,0.000000
rota 0.977530,0.128020,0.167471,0.000000
rota 0.000000,0.000000,0.000000,1.000000
scale 1.000000,1.000000,1.000000
trans 0.058062,0.001069,-0.065935
frame 59
rota 0.215186,-0.072014,-0.973914,0.000000
rota -0.110238,0.989112,-0.097495,0.000000
rota 0.970331,0.128341,0.204904,0.000000
rota 0.000000,0.000000,0.000000,1.000000
scale 1.000000,1.000000,1.000000
trans 0.057794,0.000089,-0.065043
frame 60
rota 0.253453,-0.070381,-0.964784,0.000000
rota -0.106468,0.989261,-0.100136,0.000000
rota 0.961471,0.128099,0.243238,0.000000
rota 0.000000,0.000000,0.000000,1.000000
scale 1.000000,1.000000,1.000000
trans 0.056619,-0.000314,-0.063847
frame 61
rota 0.288809,-0.066788,-0.955054,0.000000
rota -0.103789,0.989500,-0.100583,0.000000
rota 0.951744,0.128173,0.278845,0.000000
rota 0.000000,0.000000,0.000000,1.000000
scale 1.000000,1.000000,1.000000
trans 0.055134,-0.000512,-0.062265
frame 62
rota 0.323790,-0.062340,-0.944073,0.000000
rota -0.103225,0.989543,-0.100746,0.000000
rota 0.940481,0.130073,0.313969,0.000000
rota 0.000000,0.000000,0.000000,1.000000
scale 1.000000,1.000000,1.000000
trans 0.053620,-0.000626,-0.060329
frame 63
rota 0.360815,-0.058586,-0.930796,0.000000
rota -0.102397,0.989503,-0.101974,0.000000
rota 0.927000,0.132104,0.351029,0.000000
rota 0.000000,0.000000,0.000000,1.000000
scale 1.000000,1.000000,1.000000
trans 0.051983,-0.000664,-0.058210
frame 64
rota 0.400082,-0.053510,-0.914915,0.000000
rota -0.099963,0.989790,-0.101602,0.000000
rota 0.911011,0.132107,0.390648,0.000000
rota 0.000000,0.000000,0.000000,1.000000
scale 1.000001,1.000000,1.000000
trans 0.050053,-0.000592,-0.055765
frame 65
rota 0.436461,-0.047954,-0.898444,0.000000
rota -0.097997,0.990104,-0.100452,0.000000
rota 0.894370,0.131888,0.427442,0.000000
rota 0.000000,0.000000,0.000000,1.000000
scale 1.000000,1.000000,1.000000
trans 0.047814,-0.000429,-0.053090
frame 66
rota 0.470428,-0.042699,-0.881405,0.000000
rota -0.096727,0.990315,-0.099602,0.000000
rota 0.877121,0.132111,0.461741,0.000000
rota 0.000000,0.000000,0.000000,1.000000
scale 1.000000,1.000000,1.000000
trans 0.045179,-0.000143,-0.050061
frame 67
rota 0.500386,-0.037298,-0.864998,0.000000
rota -0.094684,0.990722,-0.097492,0.000000
rota 0.860609,0.130685,0.492212,0.000000
rota 0.000000,0.000000,0.000000,1.000000
scale 1.000000,1.000000,1.000000
trans 0.042095,0.000423,-0.046690
frame 68
rota 0.527521,-0.032554,-0.848918,0.000000
rota -0.093334,0.990996,-0.096000,0.000000
rota 0.844400,0.129875,0.519733,0.000000
rota 0.000000,0.000000,0.000000,1.000000
scale 1.000000,1.000000,1.000000
trans 0.038653,0.001171,-0.043105
frame 69
rota 0.551520,-0.029493,-0.833640,0.000000
rota -0.092065,0.991117,-0.095973,0.000000
rota 0.829066,0.129681,0.543905,0.000000
rota 0.000000,0.000000,0.000000,1.000000
scale 1.000000,1.000000,1.000000
trans 0.034963,0.002037,-0.039309
frame 70
rota 0.573946,-0.026660,-0.818459,0.000000
rota -0.090309,0.991313,-0.095620,0.000000
rota 0.813898,0.128795,0.566552,0.000000
rota 0.000000,0.000000,0.000000,1.000000
scale 1.000000,1.000000,1.000000
trans 0.031103,0.003026,-0.035328
frame 71
rota 0.594098,-0.023194,-0.804058,0.000000
rota -0.088917,0.991565,-0.094302,0.000000
rota 0.799463,0.127519,0.587024,0.000000
rota 0.000000,0.000000,0.000000,1.000000
scale 1.000000,1.000000,1.000000
trans 0.027191,0.004008,-0.030938
frame 72
rota 0.611081,-0.020575,-0.791300,0.000000
rota -0.088470,0.991624,-0.094104,0.000000
rota 0.786608,0.127511,0.604142,0.000000
rota 0.000000,0.000000,0.000000,1.000000
scale 1.000000,1.000000,1.000000
trans 0.023114,0.004695,-0.025752
frame 73
rota 0.627763,-0.018636,-0.778181,0.000000
rota -0.088316,0.991553,-0.094991,0.000000
rota 0.773378,0.128357,0.620815,0.000000
rota 0.000000,0.000000,0.000000,1.000000
scale 1.000000,1.000000,1.000000
trans 0.019062,0.005351,-0.020319
frame 74
rota 0.644158,-0.018356,-0.764672,0.000000
rota -0.087792,0.991331,-0.097753,0.000000
rota 0.759838,0.130101,0.636962,0.000000
rota 0.000000,0.000000,0.000000,1.000000
scale 1.000000,1.000000,1.000000
trans 0.015137,0.005785,-0.014692
frame 75
rota 0.657552,-0.018337,-0.753186,0.000000
rota -0.088202,0.990956,-0.101128,0.000000
rota 0.748229,0.132929,0.649988,0.000000
rota 0.000000,0.000000,0.000000,1.000000
scale 1.000000,1.000000,1.000000
trans 0.011394,0.005877,-0.008968
frame 76
rota 0.668110,-0.017801,-0.743850,0.000000
rota -0.089124,0.990602,-0.103755,0.000000
rota 0.738706,0.135615,0.660244,0.000000
rota 0.000000,0.000000,0.000000,1.000000
scale 1.000000,1.000000,1.000000
trans 0.007747,0.005857,-0.003413
frame 77
rota 0.675448,-0.016678,-0.737220,0.000000
rota -0.090906,0.990235,-0.105691,0.000000
rota 0.731784,0.138406,0.667336,0.000000
rota 0.000000,0.000000,0.000000,1.000000
scale 1.000000,1.000000,1.000000
trans 0.004226,0.005813,0.001639
frame 78
rota 0.677747,-0.014946,-0.735143,0.000000
rota -0.093604,0.989905,-0.106422,0.000000
rota 0.729313,0.140940,0.669506,0.000000
rota 0.000000,0.000000,0.000000,1.000000
scale 1.000000,1.000000,1.000000
trans 0.000960,0.005816,0.005829
frame 79
rota 0.676473,-0.012937,-0.736354,0.000000
rota -0.096692,0.989631,-0.106216,0.000000
rota 0.730093,0.143052,0.668207,0.000000
rota 0.000000,0.000000,0.000000,1.000000
scale 1.000000,1.000000,1.000000
trans -0.001946,0.005892,0.008969
frame 80
rota 0.671597,-0.011448,-0.740828,0.000000
rota -0.099484,0.989433,-0.105478,0.000000
rota 0.734208,0.144539,0.663361,0.000000
rota 0.000000,0.000000,0.000000,1.000000
scale 1.000000,1.000000,1.000000
trans -0.004231,0.005891,0.010989
frame 81
rota 0.664532,-0.010950,-0.747180,0.000000
rota -0.101602,0.989283,-0.104862,0.000000
rota 0.740321,0.145600,0.656298,0.000000
rota 0.000000,0.000000,0.000000,1.000000
scale 1.000000,1.000000,1.000000
trans -0.005806,0.005711,0.011826
frame 82
rota 0.654389,-0.011028,-0.756078,0.000000
rota -0.103570,0.989163,-0.104068,0.000000
rota 0.749032,0.146408,0.646156,0.000000
rota 0.000000,0.000000,0.000000,1.000000
scale 1.000000,1.000000,1.000000
trans -0.006639,0.005314,0.011379
frame 83
rota 0.642450,-0.011634,-0.766239,0.000000
rota -0.106214,0.988882,-0.104069,0.000000
rota 0.758931,0.148245,0.634072,0.000000
rota 0.000000,0.000000,0.000000,1.000000
scale 1.000000,1.000000,1.000000
trans -0.006779,0.004794,0.009946
frame 84
rota 0.629314,-0.012696,-0.777048,0.000000
rota -0.109842,0.988376,-0.105107,0.000000
rota 0.769350,0.151498,0.620604,0.000000
rota 0.000000,0.000000,0.000000,1.000000
scale 1.000000,1.000000,1.000000
trans -0.005907,0.004149,0.007618
frame 85
rota 0.615091,-0.013819,-0.788335,0.000000
rota -0.112330,0.988111,-0.104965,0.000000
rota 0.780414,0.153116,0.606226,0.000000
rota 0.000000,0.000000,0.000000,1.000000
scale 1.000000,1.000000,1.000000
trans -0.004320,0.003471,0.004766
frame 86
rota 0.599775,-0.015676,-0.800016,0.000000
rota -0.115418,0.987658,-0.105883,0.000000
rota 0.791802,0.155842,0.590563,0.000000
rota 0.000000,0.000000,0.000000,1.000000
scale 1.000000,1.000000,1.000000
trans -0.002140,0.002381,0.001462
frame 87
rota 0.582680,-0.017982,-0.812503,0.000000
rota -0.119095,0.987073,-0.107254,0.000000
rota 0.803928,0.159259,0.573006,0.000000
rota 0.000000,0.000000,0.000000,1.000000
scale 1.000000,1.000000,1.000000
trans 0.000497,0.000710,-0.002089

frame 0
rota 0.681756,-0.018793,0.731338,0.000000
rota -0.597232,0.563056,0.571211,0.000000
rota -0.422520,-0.826205,0.372643,0.000000
rota 0.000000,0.000000,0.000000,1.000000
scale 1.000000,1.000000,1.000000
trans 0.000000,0.000000,-0.000000
frame 1
rota 0.702212,-0.012515,0.711857,0.000000
rota -0.584670,0.560410,0.586600,0.000000
rota -0.406273,-0.828120,0.386210,0.000000
rota 0.000000,0.000000,0.000000,1.000000
scale 1.000000,1.000000,1.000001
trans 0.000000,-0.000000,-0.000000
frame 2
rota 0.726890,-0.012902,0.686632,0.000000
rota -0.564887,0.557363,0.608481,0.000000
rota -0.390554,-0.830169,0.397853,0.000000
rota 0.000000,0.000000,0.000000,1.000000
scale 1.000001,1.000000,1.000000
trans 0.000000,-0.000000,-0.000000
frame 3
rota 0.755335,-0.020741,0.655010,0.000000
rota -0.536699,0.553979,0.636445,0.000000
rota -0.376062,-0.832273,0.407308,0.000000
rota 0.000000,0.000000,0.000000,1.000000
scale 1.000000,1.000000,1.000001
trans 0.000000,0.000000,-0.000000
frame 4
rota 0.784554,-0.030522,0.619309,0.000000
rota -0.503390,0.551818,0.664903,0.000000
rota -0.362040,-0.833406,0.417566,0.000000
rota 0.000000,0.000000,0.000000,1.000000
scale 1.000000,1.000000,1.000000
trans 0.000000,0.000000,0.000000
frame 5
rota 0.811894,-0.037318,0.582611,0.000000
rota -0.470117,0.549911,0.690353,0.000000
rota -0.346147,-0.834389,0.428925,0.000000
rota 0.000000,0.000000,0.000000,1.000000
scale 1.000000,1.000000,1.000000
trans 0.000000,-0.000000,0.000000
frame 6
rota 0.837361,-0.041755,0.545054,0.000000
rota -0.436740,0.548555,0.712983,0.000000
rota -0.328763,-0.835071,0.441102,0.000000
rota 0.000000,0.000000,0.000000,1.000000
scale 1.000000,1.000000,1.000000
trans 0.000000,-0.000000,-0.000000
frame 7
rota 0.859693,-0.041032,0.509161,0.000000
rota -0.406035,0.549911,0.729885,0.000000
rota -0.309942,-0.834214,0.456094,0.000000
rota 0.000000,0.000000,0.000000,1.000000
scale 1.000001,1.000000,1.000000
trans 0.000000,0.000000,-0.000000
frame 8
rota 0.879223,-0.036375,0.475019,0.000000
rota -0.377563,0.554867,0.741329,0.000000
rota -0.290538,-0.831143,0.474118,0.000000
rota 0.000000,0.000000,0.000000,1.000000
scale 1.000000,1.000000,1.000000
trans 0.000000,-0.000000,0.000000
frame 9
rota 0.896534,-0.029173,0.442013,0.000000
rota -0.352120,0.558492,0.751064,0.000000
rota -0.268772,-0.828997,0.490434,0.000000
rota 0.000000,0.000000,0.000000,1.000000
scale 1.000000,1.000000,1.000000
trans 0.000000,0.000000,0.000000
frame 10
rota 0.911631,-0.020008,0.410523,0.000000
rota -0.329340,0.562001,0.758742,0.000000
rota -0.245895,-0.826894,0.505748,0.000000
rota 0.000000,0.000000,0.000000,1.000000
scale 1.000000,1.000000,1.000000
trans 0.000000,0.000000,-0.000000
frame 11
rota 0.924533,-0.009199,0.380990,0.000000
rota -0.309355,0.565734,0.764359,0.000000
rota -0.222570,-0.824537,0.520194,0.000000
rota 0.000000,0.000000,0.000000,1.000000
scale 1.000000,1.000000,1.000001
trans 0.000000,0.000000,0.000000
frame 12
rota 0.935028,0.003555,0.354557,0.000000
rota -0.293548,0.568625,0.768436,0.000000
rota -0.198878,-0.822589,0.532724,0.000000
rota 0.000000,0.000000,0.000000,1.000000
scale 1.000001,1.000000,1.000000
trans 0.000000,0.000000,0.000000
frame 13
rota 0.944054,0.015269,0.329436,0.000000
rota -0.278958,0.569796,0.772990,0.000000
rota -0.175908,-0.821644,0.542178,0.000000
rota 0.000000,0.000000,0.000000,1.000000
scale 1.000000,1.000000,1.000000
trans 0.000000,0.000000,-0.000000
frame 14
rota 0.951594,0.025790,0.306273,0.000000
rota -0.265509,0.570951,0.776865,0.000000
rota -0.154831,-0.820579,0.550161,0.000000
rota 0.000000,0.000000,0.000000,1.000000
scale 1.000000,1.000000,1.000000
trans 0.000000,-0.000000,0.000000
frame 15
rota 0.957750,0.034934,0.285471,0.000000
rota -0.253473,0.571522,0.780457,0.000000
rota -0.135889,-0.819842,0.556231,0.000000
rota 0.000000,0.000000,0.000000,1.000000
scale 1.000000,1.000000,1.000000
trans 0.000000,-0.000000,-0.000000
frame 16
rota 0.962834,0.040753,0.267001,0.000000
rota -0.241587,0.571983,0.783882,0.000000
rota -0.120774,-0.819252,0.560570,0.000000
rota 0.000000,0.000000,0.000000,1.000000
scale 1.000000,1.000000,1.000000
trans 0.000000,-0.000000,-0.000000
frame 17
rota 0.966666,0.045078,0.252041,0.000000
rota -0.231951,0.571026,0.787483,0.000000
rota -0.108424,-0.819694,0.562447,0.000000
rota 0.000000,0.000000,0.000000,1.000000
scale 1.000000,1.000000,1.000000
trans 0.000000,0.000000,0.000000
frame 18
rota 0.969217,0.048138,0.241455,0.000000
rota -0.225179,0.569886,0.790269,0.000000
rota -0.099560,-0.820313,0.563183,0.000000
rota 0.000000,0.000000,0.000000,1.000000
scale 1.000001,1.000000,1.000000
trans 0.000000,-0.000000,-0.000000
frame 19
rota 0.970661,0.049291,0.235346,0.000000
rota -0.220973,0.568770,0.792257,0.000000
rota -0.094807,-0.821018,0.562974,0.000000
rota 0.000000,0.000000,0.000000,1.000000
scale 1.000000,1.000000,1.000000
trans 0.000000,-0.000000,-0.000000
frame 20
rota 0.970898,0.047424,0.234750,0.000000
rota -0.219328,0.569745,0.792014,0.000000
rota -0.096187,-0.820452,0.563566,0.000000
rota 0.000000,0.000000,0.000000,1.000000
scale 1.000000,1.000000,1.000000
trans 0.000000,0.000000,-0.000000
frame 21
rota 0.970092,0.042610,0.238970,0.000000
rota -0.219971,0.570591,0.791226,0.000000
rota -0.102640,-0.820129,0.562898,0.000000
rota 0.000000,0.000000,0.000000,1.000000
scale 1.000001,1.000000,1.000000
trans 0.000000,0.000000,-0.000000
frame 22
rota 0.967865,0.034883,0.249037,0.000000
rota -0.223900,0.570374,0.790279,0.000000
rota -0.114477,-0.820643,0.559856,0.000000
rota 0.000000,0.000000,0.000000,1.000000
scale 1.000000,1.000000,1.000000
trans 0.000000,-0.000000,0.000000
frame 23
rota 0.963566,0.024378,0.266358,0.000000
rota -0.232330,0.569704,0.788328,0.000000
rota -0.132528,-0.821489,0.554611,0.000000
rota 0.000000,0.000000,0.000000,1.000000
scale 1.000000,1.000000,1.000000
trans 0.000000,0.000000,-0.000000
frame 24
rota 0.956192,0.012061,0.292492,0.000000
rota -0.247062,0.569192,0.784207,0.000000
rota -0.157026,-0.822116,0.547237,0.000000
rota 0.000000,0.000000,0.000000,1.000000
scale 1.000000,1.000000,1.000000
trans 0.000000,-0.000000,0.000000
frame 25
rota 0.945217,0.000870,0.326443,0.000000
rota -0.269101,0.568171,0.777668,0.000000
rota -0.184799,-0.822910,0.537279,0.000000
rota 0.000000,0.000000,0.000000,1.000000
scale 1.000000,1.000000,1.000000
trans 0.000000,0.000000,-0.000000
frame 26
rota 0.930259,-0.007308,0.366831,0.000000
rota -0.298791,0.565158,0.768974,0.000000
rota -0.212937,-0.824951,0.523559,0.000000
rota 0.000000,0.000000,0.000000,1.000000
scale 1.000000,1.000000,1.000001
trans 0.000000,0.000000,0.000000
frame 27
rota 0.911389,-0.012313,0.411362,0.000000
rota -0.334081,0.561581,0.756980,0.000000
rota -0.240333,-0.827331,0.507705,0.000000
rota 0.000000,0.000000,0.000000,1.000000
scale 1.000000,0.999999,1.000000
trans 0.000000,0.000000,0.000000
frame 28
rota 0.888421,-0.014360,0.458804,0.000000
rota -0.373207,0.559331,0.740179,0.000000
rota -0.267252,-0.828820,0.491562,0.000000
rota 0.000000,0.000000,0.000000,1.000000
scale 1.000000,1.000000,1.000000
trans 0.000000,0.000000,0.000000
frame 29
rota 0.861713,-0.014091,0.507200,0.000000
rota -0.414138,0.558008,0.719107,0.000000
rota -0.293154,-0.829715,0.475008,0.000000
rota 0.000000,0.000000,0.000000,1.000000
scale 1.000000,1.000000,1.000000
trans 0.000000,0.000000,0.000000
frame 30
rota 0.831836,-0.013223,0.554865,0.000000
rota -0.454359,0.557933,0.694457,0.000000
rota -0.318760,-0.829781,0.458100,0.000000
rota 0.000000,0.000000,0.000000,1.000000
scale 1.000000,1.000000,1.000000
trans 0.000000,0.000000,0.000000
frame 31
rota 0.799398,-0.012847,0.600664,0.000000
rota -0.492335,0.558993,0.667183,0.000000
rota -0.344338,-0.829073,0.440533,0.000000
rota 0.000000,0.000000,0.000000,1.000000
scale 1.000000,1.000000,1.000000
trans 0.000000,-0.000000,-0.000000
frame 32
rota 0.764578,-0.012225,0.644415,0.000000
rota -0.528010,0.561502,0.637119,0.000000
rota -0.369629,-0.827385,0.422857,0.000000
rota 0.000000,0.000000,0.000000,1.000000
scale 1.000000,1.000000,1.000000
trans 0.000000,0.000000,0.000000
frame 33
rota 0.727852,-0.011305,0.685641,0.000000
rota -0.560933,0.565320,0.604787,0.000000
rota -0.394444,-0.824794,0.405127,0.000000
rota 0.000000,0.000000,0.000000,1.000000
scale 1.000000,1.000000,1.000000
trans 0.000000,-0.000000,0.000000
frame 34
rota 0.690089,-0.010860,0.723643,0.000000
rota -0.590965,0.568740,0.572097,0.000000
rota -0.417777,-0.822446,0.386063,0.000000
rota 0.000000,0.000000,0.000000,1.000000
scale 1.000000,1.000000,1.000000
trans 0.000000,-0.000000,-0.000000
frame 35
rota 0.651560,-0.010188,0.758529,0.000000
rota -0.618136,0.572502,0.538654,0.000000
rota -0.439747,-0.819840,0.366722,0.000000
rota 0.000000,0.000000,0.000000,1.000000
scale 1.000000,1.000000,1.000000
trans 0.000000,0.000000,-0.000000
frame 36
rota 0.613888,-0.011076,0.789315,0.000000
rota -0.640724,0.577073,0.506419,0.000000
rota -0.461102,-0.816617,0.347161,0.000000
rota 0.000000,0.000000,0.000000,1.000000
scale 1.000000,1.000000,1.000001
trans 0.000000,0.000000,-0.000000
frame 37
rota 0.576704,-0.011713,0.816869,0.000000
rota -0.659539,0.583383,0.473996,0.000000
rota -0.482100,-0.812113,0.328714,0.000000
rota 0.000000,0.000000,0.000000,1.000000
scale 1.000000,1.000000,1.000000
trans 0.000000,0.000000,-0.000000
frame 38
rota 0.540622,-0.012055,0.841178,0.000000
rota -0.674775,0.590920,0.442144,0.000000
rota -0.502399,-0.806640,0.311330,0.000000
rota 0.000000,0.000000,0.000000,1.000000
scale 1.000000,0.999999,1.000000
trans 0.000000,0.000000,0.000000
frame 39
rota 0.506105,-0.011583,0.862394,0.000000
rota -0.687239,0.598740,0.411355,0.000000
rota -0.521115,-0.800860,0.295065,0.000000
rota 0.000000,0.000000,0.000000,1.000000
scale 1.000001,0.999999,1.000000
trans 0.000000,0.000000,-0.000000
frame 40
rota 0.473609,-0.008823,0.880691,0.000000
rota -0.697363,0.606998,0.381101,0.000000
rota -0.537940,-0.794654,0.281327,0.000000
rota 0.000000,0.000000,0.000000,1.000000
scale 1.000000,1.000000,1.000001
trans 0.000000,0.000000,-0.000000
frame 41
rota 0.444647,-0.007581,0.895674,0.000000
rota -0.704010,0.615268,0.354705,0.000000
rota -0.553769,-0.788282,0.268239,0.000000
rota 0.000000,0.000000,0.000000,1.000000
scale 1.000000,1.000000,1.000000
trans 0.000000,-0.000000,-0.000000
frame 42
rota 0.418585,-0.005253,0.908162,0.000000
rota -0.708285,0.624009,0.330068,0.000000
rota -0.568436,-0.781399,0.257480,0.000000
rota 0.000000,0.000000,0.000000,1.000000
scale 1.000000,0.999999,1.000000
trans 0.000000,-0.000000,-0.000000
frame 43
rota 0.395317,0.000030,0.918545,0.000000
rota -0.712757,0.630789,0.306731,0.000000
rota -0.579399,-0.775955,0.249383,0.000000
rota 0.000000,0.000000,0.000000,1.000000
scale 1.000000,1.000000,1.000000
trans 0.000000,0.000000,-0.000000
frame 44
rota 0.377701,0.003845,0.925920,0.000000
rota -0.716437,0.634698,0.289614,0.000000
rota -0.586566,-0.772751,0.242481,0.000000
rota 0.000000,0.000000,0.000000,1.000000
scale 1.000000,1.000000,1.000000
trans -0.000000,0.000000,-0.000000
frame 45
rota 0.364625,0.007479,0.931124,0.000000
rota -0.718660,0.638111,0.276299,0.000000
rota -0.592095,-0.769908,0.238046,0.000000
rota 0.000000,0.000000,0.000000,1.000000
scale 1.000000,1.000000,1.000000
trans 0.000000,-0.000000,-0.000000
frame 46
rota 0.355795,0.012198,0.934485,0.000000
rota -0.720454,0.640484,0.265945,0.000000
rota -0.595278,-0.767875,0.236669,0.000000
rota 0.000000,0.000000,0.000000,1.000000
scale 1.000000,1.000000,1.000000
trans 0.000000,0.000000,-0.000000
frame 47
rota 0.350760,0.017106,0.936309,0.000000
rota -0.721515,0.642311,0.258559,0.000000
rota -0.596979,-0.766253,0.237639,0.000000
rota 0.000000,0.000000,0.000000,1.000000
scale 1.000000,1.000000,1.000000
trans 0.000000,-0.000000,-0.000000
frame 48
rota 0.349293,0.021803,0.936760,0.000000
rota -0.722670,0.642631,0.254508,0.000000
rota -0.596442,-0.765866,0.240222,0.000000
rota 0.000000,0.000000,0.000000,1.000000
scale 1.000000,0.999999,1.000000
trans 0.000000,0.000000,-0.000000
frame 49
rota 0.350746,0.027198,0.936075,0.000000
rota -0.724095,0.641750,0.252671,0.000000
rota -0.593854,-0.766431,0.244786,0.000000
rota 0.000000,0.000000,0.000000,1.000000
scale 1.000000,1.000000,1.000000
trans -0.000000,0.000000,-0.000000
frame 50
rota 0.355205,0.033280,0.934196,0.000000
rota -0.725659,0.639804,0.253121,0.000000
rota -0.589278,-0.767817,0.251412,0.000000
rota 0.000000,0.000000,0.000000,1.000000
scale 1.000000,0.999999,1.000001
trans -0.000000,0.000000,-0.000000
frame 51
rota 0.363727,0.036817,0.930777,0.000000
rota -0.726748,0.636274,0.258829,0.000000
rota -0.582700,-0.770584,0.258187,0.000000
rota 0.000000,0.000000,0.000000,1.000000
scale 1.000000,1.000000,1.000000
trans 0.000000,0.000000,0.000000
frame 52
rota 0.375804,0.039197,0.925870,0.000000
rota -0.727380,0.631525,0.268503,0.000000
rota -0.574187,-0.774364,0.265840,0.000000
rota 0.000000,0.000000,0.000000,1.000000
scale 1.000000,1.000000,1.000000
trans 0.000000,0.000000,-0.000000
frame 53
rota 0.390614,0.040609,0.919658,0.000000
rota -0.728034,0.625023,0.281625,0.000000
rota -0.563371,-0.779549,0.273707,0.000000
rota 0.000000,0.000000,0.000000,1.000000
scale 1.000000,1.000000,1.000000
trans 0.000000,0.000000,-0.000000
frame 54
rota 0.408349,0.039685,0.911963,0.000000
rota -0.727895,0.617025,0.299079,0.000000
rota -0.550835,-0.785942,0.280848,0.000000
rota 0.000000,0.000000,0.000000,1.000000
scale 1.000000,1.000000,1.000000
trans 0.000000,-0.000000,-0.000000
frame 55
rota 0.428136,0.037706,0.902928,0.000000
rota -0.727127,0.607675,0.319402,0.000000
rota -0.536644,-0.793291,0.287584,0.000000
rota 0.000000,0.000000,0.000000,1.000000
scale 1.000000,1.000000,1.000000
trans 0.000000,-0.000000,-0.000000
frame 56
rota 0.449799,0.034648,0.892457,0.000000
rota -0.725467,0.597008,0.342459,0.000000
rota -0.520939,-0.801486,0.293670,0.000000
rota 0.000000,0.000000,0.000000,1.000000
scale 1.000000,1.000000,1.000001
trans -0.000000,-0.000000,-0.000000
frame 57
rota 0.472230,0.031598,0.880909,0.000000
rota -0.722531,0.586324,0.366298,0.000000
rota -0.504925,-0.809460,0.299711,0.000000
rota 0.000000,0.000000,0.000000,1.000000
scale 1.000000,0.999999,1.000000
trans -0.000000,-0.000000,-0.000000
frame 58
rota 0.495024,0.028462,0.868413,0.000000
rota -0.717655,0.576827,0.390182,0.000000
rota -0.489818,-0.816370,0.305969,0.000000
rota 0.000000,0.000000,0.000000,1.000000
scale 1.000000,0.999999,1.000000
trans 0.000000,-0.000000,-0.000000
frame 59
rota 0.517648,0.025626,0.855210,0.000000
rota -0.710784,0.569277,0.413170,0.000000
rota -0.476263,-0.821746,0.312900,0.000000
rota 0.000000,0.000000,0.000000,1.000000
scale 1.000000,1.000000,1.000000
trans 0.000000,0.000000,-0.000000
frame 60
rota 0.539736,0.022859,0.841524,0.000000
rota -0.701256,0.565264,0.434417,0.000000
rota -0.465754,-0.824594,0.321123,0.000000
rota 0.000000,0.000000,0.000000,1.000000
scale 1.000000,0.999999,1.000000
trans 0.000000,0.000000,0.000000
frame 61
rota 0.561089,0.020007,0.827514,0.000000
rota -0.689870,0.563778,0.454130,0.000000
rota -0.457448,-0.825684,0.330132,0.000000
rota 0.000000,0.000000,0.000000,1.000000
scale 1.000000,1.000000,1.000000
trans 0.000000,-0.000000,-0.000000
frame 62
rota 0.582326,0.015169,0.812814,0.000000
rota -0.677115,0.562369,0.474611,0.000000
rota -0.449902,-0.826747,0.337753,0.000000
rota 0.000000,0.000000,0.000000,1.000000
scale 1.000000,1.000000,1.000000
trans 0.000000,0.000000,0.000000
frame 63
rota 0.602763,0.009434,0.797865,0.000000
rota -0.664225,0.560002,0.495180,0.000000
rota -0.442134,-0.828438,0.343815,0.000000
rota 0.000000,0.000000,0.000000,1.000000
scale 1.000001,1.000000,1.000000
trans 0.000000,0.000000,-0.000000
frame 64
rota 0.621717,0.002832,0.783237,0.000000
rota -0.650143,0.559527,0.514047,0.000000
rota -0.436787,-0.828808,0.349708,0.000000
rota 0.000000,0.000000,0.000000,1.000000
scale 1.000000,1.000000,1.000001
trans 0.000000,-0.000000,-0.000000
frame 65
rota 0.638713,-0.003647,0.769436,0.000000
rota -0.636086,0.560162,0.530673,0.000000
rota -0.432944,-0.828375,0.355463,0.000000
rota 0.000000,0.000000,0.000000,1.000000
scale 1.000000,1.000000,1.000000
trans -0.000000,-0.000000,-0.000000
frame 66
rota 0.653631,-0.010149,0.756745,0.000000
rota -0.622790,0.560905,0.545451,0.000000
rota -0.429998,-0.827817,0.360305,0.000000
rota 0.000000,0.000000,0.000000,1.000000
scale 1.000000,1.000000,1.000000
trans 0.000000,-0.000000,-0.000000
frame 67
rota 0.665476,-0.015079,0.746267,0.000000
rota -0.610732,0.563795,0.556005,0.000000
rota -0.429125,-0.825776,0.365983,0.000000
rota 0.000000,0.000000,0.000000,1.000000
scale 1.000000,1.000000,1.000000
trans 0.000000,0.000000,-0.000000
frame 68
rota 0.674459,-0.020405,0.738030,0.000000
rota -0.600345,0.566701,0.564302,0.000000
rota -0.429757,-0.823671,0.369967,0.000000
rota 0.000000,0.000000,0.000000,1.000000
scale 1.000000,1.000000,1.000000
trans 0.000000,0.000000,-0.000000
frame 69
rota 0.680739,-0.025153,0.732094,0.000000
rota -0.592537,0.568698,0.570510,0.000000
rota -0.430690,-0.822161,0.372231,0.000000
rota 0.000000,0.000000,0.000000,1.000000
scale 1.000000,1.000000,1.000000
trans 0.000000,-0.000000,-0.000000
frame 70
rota 0.685339,-0.029640,0.727621,0.000000
rota -0.585610,0.571486,0.574860,0.000000
rota -0.432864,-0.820076,0.374304,0.000000
rota 0.000000,0.000000,0.000000,1.000000
scale 1.000000,1.000000,1.000000
trans 0.000000,-0.000000,-0.000000
frame 71
rota 0.688868,-0.034023,0.724088,0.000000
rota -0.578902,0.575364,0.577779,0.000000
rota -0.436271,-0.817190,0.376654,0.000000
rota 0.000000,0.000000,0.000000,1.000000
scale 1.000000,1.000000,1.000000
trans 0.000000,0.000000,-0.000000
frame 72
rota 0.691248,-0.037721,0.721632,0.000000
rota -0.574068,0.577864,0.580103,0.000000
rota -0.438887,-0.815261,0.377793,0.000000
rota 0.000000,0.000000,0.000000,1.000000
scale 1.000000,1.000000,1.000000
trans 0.000000,-0.000000,-0.000000
frame 73
rota 0.693245,-0.042069,0.719473,0.000000
rota -0.569635,0.579576,0.582758,0.000000
rota -0.441505,-0.813831,0.377825,0.000000
rota 0.000000,0.000000,0.000000,1.000000
scale 1.000000,1.000000,1.000000
trans 0.000000,0.000000,0.000000
frame 74
rota 0.694852,-0.046576,0.717643,0.000000
rota -0.566483,0.579305,0.586091,0.000000
rota -0.443032,-0.813779,0.376147,0.000000
rota 0.000000,0.000000,0.000000,1.000000
scale 1.000000,1.000000,1.000000
trans 0.000000,0.000000,0.000000
frame 75
rota 0.695899,-0.050821,0.716340,0.000000
rota -0.564441,0.578000,0.589342,0.000000
rota -0.443996,-0.814453,0.373544,0.000000
rota 0.000000,0.000000,0.000000,1.000000
scale 1.000001,1.000000,1.000000
trans 0.000000,0.000000,-0.000000
frame 76
