framenum 36
frame 0
rota 0.570634,0.011460,-0.821125,0.000000
rota -0.149128,0.984723,-0.089893,0.000000
rota 0.807550,0.173749,0.563626,0.000000
rota 0.000000,0.000000,0.000000,1.000000
scale 1.000000,1.000000,1.000001
trans 0.000000,0.000000,-0.000000
frame 1
rota 0.558816,0.041240,-0.828266,0.000000
rota -0.179533,0.981093,-0.072278,0.000000
rota 0.809626,0.189091,0.555654,0.000000
rota 0.000000,0.000000,0.000000,1.000000
scale 1.000000,1.000000,1.000000
trans 0.007239,-0.000351,-0.002369
frame 2
rota 0.543403,0.070020,-0.836546,0.000000
rota -0.208062,0.976657,-0.053406,0.000000
rota 0.813279,0.203074,0.545287,0.000000
rota 0.000000,0.000000,0.000000,1.000000
scale 1.000000,1.000000,1.000000
trans 0.015552,-0.000791,-0.009947
frame 3
rota 0.520287,0.093657,-0.848840,0.000000
rota -0.230884,0.972379,-0.034230,0.000000
rota 0.822188,0.213793,0.527540,0.000000
rota 0.000000,0.000000,0.000000,1.000000
scale 1.000000,1.000000,1.000000
trans 0.023092,-0.002292,-0.023493
frame 4
rota 0.482760,0.106073,-0.869305,0.000000
rota -0.246257,0.969028,-0.018515,0.000000
rota 0.840416,0.223011,0.493929,0.000000
rota 0.000000,0.000000,0.000000,1.000000
scale 1.000000,1.000000,1.000000
trans 0.024287,-0.007405,-0.050464
frame 5
rota 0.453247,0.113213,-0.884167,0.000000
rota -0.275378,0.961166,-0.018094,0.000000
rota 0.847782,0.251681,0.466821,0.000000
rota 0.000000,0.000000,0.000000,1.000000
scale 1.000000,1.000000,1.000000
trans 0.021858,-0.013972,-0.083181
frame 6
rota 0.447308,0.108365,-0.887791,0.000000
rota -0.300522,0.953130,-0.035075,0.000000
rota 0.842379,0.282490,0.458908,0.000000
rota 0.000000,0.000000,0.000000,1.000000
scale 1.000000,1.000000,1.000000
trans 0.020980,-0.023054,-0.117986
frame 7
rota 0.486964,0.098183,-0.867886,0.000000
rota -0.313542,0.947080,-0.068784,0.000000
rota 0.815204,0.305614,0.491978,0.000000
rota 0.000000,0.000000,0.000000,1.000000
scale 1.000000,1.000000,1.000000
trans 0.026549,-0.032637,-0.155951
frame 8
rota 0.565677,0.066311,-0.821956,0.000000
rota -0.283913,0.951483,-0.118631,0.000000
rota 0.774211,0.300471,0.557058,0.000000
rota 0.000000,0.000000,0.000000,1.000000
scale 1.000000,1.000000,1.000000
trans 0.035244,-0.034370,-0.198520
frame 9
rota 0.676810,0.014332,-0.736018,0.000000
rota -0.218528,0.958655,-0.182281,0.000000
rota 0.702975,0.284210,0.651959,0.000000
rota 0.000000,0.000000,0.000000,1.000000
scale 1.000000,1.000000,1.000000
trans 0.042058,-0.033139,-0.248587
frame 10
rota 0.820878,-0.030282,-0.570300,0.000000
rota -0.128354,0.963264,-0.235899,0.000000
rota 0.556493,0.266845,0.786835,0.000000
rota 0.000000,0.000000,0.000000,1.000000
scale 1.000000,1.000000,1.000000
trans 0.047613,-0.038713,-0.306895
frame 11
rota 0.941725,-0.040978,-0.333878,0.000000
rota -0.045957,0.967573,-0.248376,0.000000
rota 0.333229,0.249246,0.909305,0.000000
rota 0.000000,0.000000,0.000000,1.000000
scale 1.000000,1.000000,1.000000
trans 0.054338,-0.058089,-0.362710
frame 12
rota 0.992146,0.008829,-0.124775,0.000000
rota -0.038225,0.971189,-0.235226,0.000000
rota 0.119104,0.238148,0.963898,0.000000
rota 0.000000,0.000000,0.000000,1.000000
scale 1.000000,1.000000,1.000000
trans 0.059089,-0.084532,-0.398404
frame 13
rota 0.996782,0.060692,0.052371,0.000000
rota -0.046513,0.969957,-0.238790,0.000000
rota -0.065290,0.235585,0.969658,0.000000
rota 0.000000,0.000000,0.000000,1.000000
scale 1.000000,1.000000,1.000000
trans 0.061270,-0.106682,-0.428222
frame 14
rota 0.979291,0.087612,0.182519,0.000000
rota -0.034556,0.960622,-0.275703,0.000000
rota -0.199486,0.263686,0.943756,0.000000
rota 0.000000,0.000000,0.000000,1.000000
scale 1.000000,1.000000,1.000000
trans 0.060927,-0.119155,-0.455704
frame 15
rota 0.957528,0.101100,0.270035,0.000000
rota -0.006988,0.944377,-0.328790,0.000000
rota -0.288255,0.312938,0.904974,0.000000
rota 0.000000,0.000000,0.000000,1.000000
scale 1.000000,1.000000,1.000000
trans 0.058721,-0.124834,-0.478660
frame 16
rota 0.943640,0.106744,0.313287,0.000000
rota 0.025192,0.920653,-0.389568,0.000000
rota -0.330013,0.375504,0.866076,0.000000
rota 0.000000,0.000000,0.000000,1.000000
scale 1.000000,1.000000,1.000000
trans 0.054671,-0.125521,-0.494148
frame 17
rota 0.935190,0.108258,0.337193,0.000000
rota 0.060102,0.889805,-0.452366,0.000000
rota -0.349009,0.443314,0.825630,0.000000
rota 0.000000,0.000000,0.000000,1.000000
scale 1.000000,1.000000,1.000000
trans 0.049654,-0.124185,-0.505997
frame 18
rota 0.928427,0.108748,0.355241,0.000000
rota 0.095485,0.854229,-0.511052,0.000000
rota -0.359033,0.508395,0.782706,0.000000
rota 0.000000,0.000000,0.000000,1.000000
scale 1.000000,1.000000,1.000000
trans 0.044621,-0.122590,-0.516329
frame 19
rota 0.925743,0.104279,0.363492,0.000000
rota 0.127553,0.818787,-0.559749,0.000000
rota -0.355992,0.564548,0.744685,0.000000
rota 0.000000,0.000000,0.000000,1.000000
scale 1.000000,1.000000,1.000000
trans 0.040238,-0.120799,-0.523589
frame 20
rota 0.939332,0.073879,0.334959,0.000000
rota 0.141995,0.805172,-0.575790,0.000000
rota -0.312238,0.588421,0.745834,0.000000
rota 0.000000,0.000000,0.000000,1.000000
scale 1.000000,1.000000,1.000000
trans 0.039563,-0.117653,-0.519404
frame 21
rota 0.955200,0.035526,0.293821,0.000000
rota 0.149771,0.798245,-0.583416,0.000000
rota -0.255267,0.601285,0.757163,0.000000
rota 0.000000,0.000000,0.000000,1.000000
scale 1.000000,1.000000,1.000000
trans 0.039997,-0.114129,-0.511909
frame 22
rota 0.973923,-0.012288,0.226547,0.000000
rota 0.144889,0.802082,-0.579372,0.000000
rota -0.174590,0.597087,0.782946,0.000000
rota 0.000000,0.000000,0.000000,1.000000
scale 1.000000,1.000000,1.000000
trans 0.042313,-0.110241,-0.499156
frame 23
rota 0.989550,-0.062467,0.129960,0.000000
rota 0.125867,0.813937,-0.567155,0.000000
rota -0.070351,0.577586,0.813293,0.000000
rota 0.000000,0.000000,0.000000,1.000000
scale 1.000000,1.000000,1.000000
trans 0.046061,-0.106942,-0.482154
frame 24
rota 0.990982,-0.124950,-0.048398,0.000000
rota 0.081328,0.847922,-0.523845,0.000000
rota 0.106492,0.515185,0.850437,0.000000
rota 0.000000,0.000000,0.000000,1.000000
scale 1.000000,1.000000,1.000000
trans 0.050590,-0.106349,-0.455134
frame 25
rota 0.943003,-0.197359,-0.267946,0.000000
rota 0.057246,0.889365,-0.453600,0.000000
rota 0.327824,0.412407,0.849972,0.000000
rota 0.000000,0.000000,0.000000,1.000000
scale 1.000000,1.000000,1.000000
trans 0.051673,-0.104876,-0.425172
frame 26
rota 0.859491,-0.215157,-0.463663,0.000000
rota 0.031378,0.927593,-0.372273,0.000000
rota 0.510187,0.305416,0.804009,0.000000
rota 0.000000,0.000000,0.000000,1.000000
scale 1.000000,1.000000,1.000000
trans 0.049464,-0.092829,-0.388308
frame 27
rota 0.787374,-0.185559,-0.587886,0.000000
rota -0.010043,0.949637,-0.313192,0.000000
rota 0.616394,0.252504,0.745856,0.000000
rota 0.000000,0.000000,0.000000,1.000000
scale 1.000000,1.000000,1.000000
trans 0.042270,-0.074422,-0.339194
frame 28
rota 0.745908,-0.142384,-0.650652,0.000000
rota -0.057511,0.959466,-0.275892,0.000000
rota 0.663561,0.243210,0.707485,0.000000
rota 0.000000,0.000000,0.000000,1.000000
scale 1.000000,1.000000,1.000000
trans 0.034527,-0.058409,-0.283265
frame 29
rota 0.707347,-0.098817,-0.699925,0.000000
rota -0.100170,0.966175,-0.237639,0.000000
rota 0.699733,0.238205,0.673523,0.000000
rota 0.000000,0.000000,0.000000,1.000000
scale 1.000000,1.000000,1.000000
trans 0.026859,-0.042930,-0.224990
frame 30
rota 0.672112,-0.061650,-0.737878,0.000000
rota -0.132722,0.970358,-0.201966,0.000000
rota 0.728457,0.233676,0.644007,0.000000
rota 0.000000,0.000000,0.000000,1.000000
scale 1.000000,1.000000,1.000000
trans 0.019155,-0.029556,-0.168268
frame 31
rota 0.635657,-0.037148,-0.771077,0.000000
rota -0.148241,0.974378,-0.169149,0.000000
rota 0.757605,0.221826,0.613863,0.000000
rota 0.000000,0.000000,0.000000,1.000000
scale 1.000000,1.000000,1.000000
trans 0.011563,-0.019708,-0.117372
frame 32
rota 0.615430,-0.029840,-0.787626,0.000000
rota -0.143880,0.978240,-0.149486,0.000000
rota 0.774948,0.205322,0.597745,0.000000
rota 0.000000,0.000000,0.000000,1.000000
scale 1.000000,1.000000,1.000000
trans 0.006907,-0.014206,-0.085161
frame 33
rota 0.602699,-0.025905,-0.797548,0.000000
rota -0.136117,0.981487,-0.134742,0.000000
rota 0.786274,0.189769,0.588015,0.000000
rota 0.000000,0.000000,0.000000,1.000000
scale 1.000000,1.000000,1.000000
trans 0.002958,-0.009576,-0.058029
frame 34
rota 0.593222,-0.022990,-0.804711,0.000000
rota -0.127123,0.984376,-0.121837,0.000000
rota 0.794939,0.174574,0.581031,0.000000
rota 0.000000,0.000000,0.000000,1.000000
scale 1.000000,1.000000,1.000000
trans -0.000806,-0.005162,-0.032829
frame 35
rota 0.582679,-0.017960,-0.812504,0.000000
rota -0.119108,0.987073,-0.107236,0.000000
rota 0.803927,0.159260,0.573008,0.000000
rota 0.000000,0.000000,0.000000,1.000000
scale 1.000000,1.000000,1.000000
trans -0.004901,-0.000144,-0.006075

frame 0
rota 0.675023,-0.053534,0.735852,0.000000
rota -0.578067,0.581374,0.572576,0.000000
rota -0.458457,-0.811873,0.361495,0.000000
rota 0.000000,0.000000,0.000000,1.000000
scale 1.000000,1.000000,1.000000
trans 0.000000,0.000000,-0.000000
frame 1
rota 0.692152,-0.075345,0.717808,0.000000
rota -0.548270,0.591904,0.590804,0.000000
rota -0.469388,-0.802479,0.368378,0.000000
rota 0.000000,0.000000,0.000000,1.000000
scale 1.000000,0.999999,1.000000
trans 0.000000,0.000000,-0.000000
frame 2
rota 0.756932,-0.028408,0.652876,0.000000
rota -0.529016,0.559901,0.637693,0.000000
rota -0.383661,-0.828072,0.408778,0.000000
rota 0.000000,0.000000,0.000000,1.000000
scale 1.000000,1.000000,1.000000
trans 0.000000,0.000000,0.000000
frame 3
rota 0.812390,0.051153,0.580867,0.000000
rota -0.518891,0.517890,0.680105,0.000000
rota -0.266036,-0.853917,0.447272,0.000000
rota 0.000000,0.000000,0.000000,1.000000
scale 1.000000,1.000000,1.000001
trans 0.000000,0.000000,-0.000000
frame 4
rota 0.813453,0.144737,0.563334,0.000000
rota -0.550670,0.503436,0.665819,0.000000
rota -0.187235,-0.851823,0.489224,0.000000
rota 0.000000,0.000000,0.000000,1.000000
scale 1.000001,1.000000,1.000000
trans 0.000000,-0.000000,-0.000000
frame 5
rota 0.756157,0.211766,0.619179,0.000000
rota -0.627597,0.502657,0.594523,0.000000
rota -0.185335,-0.838147,0.512991,0.000000
rota 0.000000,0.000000,0.000000,1.000000
scale 1.000000,1.000000,1.000000
trans 0.000000,-0.000000,-0.000000
frame 6
rota 0.686601,0.225227,0.691268,0.000000
rota -0.686126,0.515175,0.513641,0.000000
rota -0.240439,-0.826963,0.508254,0.000000
rota 0.000000,0.000000,0.000000,1.000000
scale 1.000000,1.000000,1.000000
trans -0.000000,-0.000000,-0.000000
frame 7
rota 0.709809,0.178657,0.681361,0.000000
rota -0.641389,0.563802,0.520335,0.000000
rota -0.291191,-0.806356,0.514780,0.000000
rota 0.000000,0.000000,0.000000,1.000000
scale 1.000000,1.000000,1.000000
trans 0.000000,-0.000000,-0.000000
frame 8
rota 0.685199,0.067215,0.725248,0.000000
rota -0.642247,0.525411,0.558087,0.000000
rota -0.343541,-0.848189,0.403180,0.000000
rota 0.000000,0.000000,0.000000,1.000000
scale 1.000000,0.999999,1.000000
trans 0.000000,-0.000000,-0.000000
frame 9
rota 0.680127,0.005309,0.733075,0.000000
rota -0.656495,0.449436,0.605822,0.000000
rota -0.326254,-0.893296,0.309159,0.000000
rota 0.000000,0.000000,0.000000,1.000000
scale 1.000000,1.000000,1.000000
trans 0.000000,0.000000,0.000000
frame 10
rota 0.751330,-0.015419,0.659746,0.000000
rota -0.608414,0.371039,0.701542,0.000000
rota -0.255608,-0.928488,0.269392,0.000000
rota 0.000000,0.000000,0.000000,1.000000
scale 1.000000,1.000000,1.000000
trans 0.000000,-0.000000,0.000000
frame 11
rota 0.857581,-0.019577,0.513976,0.000000
rota -0.484441,0.305039,0.819919,0.000000
rota -0.172834,-0.952138,0.252112,0.000000
rota 0.000000,0.000000,0.000000,1.000000
scale 1.000000,1.000000,1.000000
trans 0.000000,-0.000000,-0.000000
frame 12
rota 0.935454,-0.057068,0.348812,0.000000
rota -0.321454,0.272933,0.906739,0.000000
rota -0.146948,-0.960339,0.236971,0.000000
rota 0.000000,0.000000,0.000000,1.000000
scale 1.000000,1.000000,1.000000
trans 0.000000,-0.000000,0.000000
frame 13
rota 0.974225,-0.099278,0.202556,0.000000
rota -0.174010,0.240664,0.954884,0.000000
rota -0.143547,-0.965518,0.217186,0.000000
rota 0.000000,0.000000,0.000000,1.000000
scale 1.000000,1.000000,1.000000
trans 0.000000,-0.000000,-0.000000
frame 14
rota 0.986699,-0.124888,0.104055,0.000000
rota -0.078868,0.191940,0.978233,0.000000
rota -0.142141,-0.973428,0.179537,0.000000
rota 0.000000,0.000000,0.000000,1.000000
scale 1.000000,1.000000,1.000000
trans 0.000000,-0.000000,-0.000000
frame 15
rota 0.990421,-0.131926,0.040757,0.000000
rota -0.022773,0.135060,0.990575,0.000000
rota -0.136188,-0.982014,0.130762,0.000000
rota 0.000000,0.000000,0.000000,1.000000
scale 1.000000,1.000000,1.000001
trans 0.000000,-0.000000,0.000000
frame 16
rota 0.992993,-0.118115,0.003628,0.000000
rota 0.005196,0.074314,0.997222,0.000000
rota -0.118056,-0.990216,0.074407,0.000000
rota 0.000000,0.000000,0.000000,1.000000
scale 1.000000,1.000000,1.000000
trans 0.000000,-0.000000,-0.000000
frame 17
rota 0.995118,-0.097633,-0.014424,0.000000
rota 0.015571,0.011004,0.999818,0.000000
rota -0.097456,-0.995162,0.012471,0.000000
rota 0.000000,0.000000,0.000000,1.000000
scale 1.000001,1.000000,1.000000
trans 0.000000,-0.000000,0.000000
frame 18
rota 0.996487,-0.081843,-0.017759,0.000000
rota 0.013628,-0.050761,0.998619,0.000000
rota -0.082631,-0.995352,-0.049468,0.000000
rota 0.000000,0.000000,0.000000,1.000000
scale 1.000000,1.000000,1.000000
trans 0.000000,-0.000000,0.000000
frame 19
rota 0.997634,-0.068365,-0.007291,0.000000
rota 0.000046,-0.105381,0.994432,0.000000
rota -0.068753,-0.992079,-0.105128,0.000000
rota 0.000000,0.000000,0.000000,1.000000
scale 1.000000,1.000000,1.000000
trans 0.000000,-0.000000,0.000000
frame 20
rota 0.998223,-0.046391,0.037387,0.000000
rota -0.043045,-0.127651,0.990884,0.000000
rota -0.041196,-0.990733,-0.129421,0.000000
rota 0.000000,0.000000,0.000000,1.000000
scale 1.000000,1.000000,1.000000
trans 0.000000,-0.000000,-0.000000
frame 21
rota 0.995121,-0.025194,0.095395,0.000000
rota -0.098004,-0.140593,0.985205,0.000000
rota -0.011409,-0.989747,-0.142376,0.000000
rota 0.000000,0.000000,0.000000,1.000000
scale 1.000000,1.000000,1.000000
trans 0.000000,-0.000000,0.000000
frame 22
rota 0.985937,0.002884,0.167090,0.000000
rota -0.165071,-0.139075,0.976427,0.000000
rota 0.026054,-0.990278,-0.136643,0.000000
rota 0.000000,0.000000,0.000000,1.000000
scale 1.000000,1.000000,1.000000
trans 0.000000,-0.000000,-0.000000
frame 23
rota 0.968261,0.037624,0.247094,0.000000
rota -0.240629,-0.127030,0.962268,0.000000
rota 0.067593,-0.991185,-0.113945,0.000000
rota 0.000000,0.000000,0.000000,1.000000
scale 1.000000,1.000000,1.000000
trans 0.000000,-0.000000,-0.000000
frame 24
rota 0.927482,0.100019,0.360240,0.000000
rota -0.352949,-0.083543,0.931904,0.000000
rota 0.123304,-0.991471,-0.042183,0.000000
rota 0.000000,0.000000,0.000000,1.000000
scale 1.000000,1.000000,1.000000
trans 0.000000,-0.000000,-0.000000
frame 25
rota 0.849179,0.205956,0.486289,0.000000
rota -0.493736,-0.017138,0.869442,0.000000
rota 0.187401,-0.978410,0.087135,0.000000
rota 0.000000,0.000000,0.000000,1.000000
scale 1.000000,1.000000,1.000000
trans 0.000000,-0.000000,-0.000000
frame 26
rota 0.772353,0.284075,0.568130,0.000000
rota -0.611190,0.088808,0.786486,0.000000
rota 0.172967,-0.954680,0.242215,0.000000
rota 0.000000,0.000000,0.000000,1.000000
scale 1.000001,1.000000,1.000000
trans 0.000000,-0.000000,-0.000000
frame 27
rota 0.727049,0.295929,0.619537,0.000000
rota -0.680037,0.186053,0.709179,0.000000
rota 0.094600,-0.936916,0.336512,0.000000
rota 0.000000,0.000000,0.000000,1.000000
scale 1.000000,1.000000,1.000000
trans 0.000000,-0.000000,0.000000
frame 28
rota 0.708971,0.263482,0.654168,0.000000
rota -0.705237,0.264074,0.657955,0.000000
rota 0.000611,-0.927815,0.373039,0.000000
rota 0.000000,0.000000,0.000000,1.000000
scale 1.000000,1.000000,1.000000
trans 0.000000,-0.000000,-0.000000
frame 29
rota 0.713870,0.258579,0.650789,0.000000
rota -0.696538,0.358114,0.621763,0.000000
rota -0.072282,-0.897157,0.435757,0.000000
rota 0.000000,0.000000,0.000000,1.000000
scale 1.000000,1.000000,1.000000
trans 0.000000,-0.000000,-0.000000
frame 30
rota 0.726466,0.284741,0.625436,0.000000
rota -0.678368,0.442611,0.586441,0.000000
rota -0.109841,-0.850305,0.514701,0.000000
rota 0.000000,0.000000,0.000000,1.000000
scale 1.000000,1.000000,1.000000
trans 0.000000,-0.000000,-0.000000
frame 31
rota 0.717001,0.219970,0.661454,0.000000
rota -0.668019,0.487924,0.561855,0.000000
rota -0.199148,-0.844715,0.496786,0.000000
rota 0.000000,0.000000,0.000000,1.000000
scale 1.000000,1.000000,1.000000
trans 0.000000,0.000000,-0.000000
frame 32
rota 0.682936,0.068341,0.727274,0.000000
rota -0.660870,0.481965,0.575291,0.000000
rota -0.311205,-0.873521,0.374316,0.000000
rota 0.000000,0.000000,0.000000,1.000000
scale 1.000000,1.000000,1.000001
trans 0.000000,0.000000,-0.000000
frame 33
rota 0.667930,-0.019769,0.743961,0.000000
rota -0.635718,0.504601,0.584157,0.000000
rota -0.386952,-0.863126,0.324471,0.000000
rota 0.000000,0.000000,0.000000,1.000000
scale 1.000000,1.000000,1.000000
trans 0.000000,-0.000000,-0.000000
frame 34
rota 0.657741,-0.057662,0.751034,0.000000
rota -0.614625,0.535313,0.579377,0.000000
rota -0.435446,-0.842684,0.316657,0.000000
rota 0.000000,0.000000,0.000000,1.000000
scale 1.000000,1.000000,1.000000
trans 0.000000,-0.000000,-0.000000
frame 35
rota 0.665202,-0.029815,0.746068,0.000000
rota -0.604681,0.564666,0.561705,0.000000
rota -0.438026,-0.824780,0.357588,0.000000
rota 0.000000,0.000000,0.000000,1.000000
scale 1.000000,1.000000,1.000000
trans 0.000000,-0.000000,-0.000000

frame 0
rota 0.972278,-0.096995,-0.212763,0.000000
rota -0.070845,0.744944,-0.663355,0.000000
rota 0.222839,0.660038,0.717421,0.000000
rota 0.000000,0.000000,0.000000,1.000000
scale 1.000000,1.000000,1.000000
trans 0.000000,0.000000,-0.000000
frame 1
rota 0.978879,-0.075609,-0.189945,0.000000
rota -0.071506,0.743790,-0.664578,0.000000
rota 0.191527,0.664124,0.722674,0.000000
rota 0.000000,0.000000,0.000000,1.000000
scale 1.000000,1.000000,1.000000
trans 0.000000,0.000000,-0.000000
frame 2
rota 0.990029,-0.048169,-0.132369,0.000000
rota -0.062533,0.691741,-0.719433,0.000000
rota 0.126220,0.720538,0.681831,0.000000
rota 0.000000,0.000000,0.000000,1.000000
scale 1.000000,1.000000,1.000000
trans 0.000000,-0.000000,0.000000
frame 3
rota 0.994570,-0.049592,-0.091496,0.000000
rota -0.041183,0.619860,-0.783631,0.000000
rota 0.095577,0.783144,0.614452,0.000000
rota 0.000000,0.000000,0.000000,1.000000
scale 1.000000,1.000000,1.000000
trans 0.000000,0.000000,-0.000000
frame 4
rota 0.991095,-0.112739,-0.070858,0.000000
rota 0.008781,0.586308,-0.810041,0.000000
rota 0.132868,0.802205,0.582076,0.000000
rota 0.000000,0.000000,0.000000,1.000000
scale 1.000000,1.000000,1.000000
trans -0.000000,0.000000,-0.000000
frame 5
rota 0.981004,-0.192293,-0.025577,0.000000
rota 0.095014,0.591249,-0.800873,0.000000
rota 0.169125,0.783229,0.598288,0.000000
rota 0.000000,0.000000,0.000000,1.000000
scale 1.000000,1.000000,1.000000
trans -0.000000,0.000000,0.000000
frame 6
rota 0.983806,-0.171741,0.051295,0.000000
rota 0.153719,0.661274,-0.734226,0.000000
rota 0.092177,0.730221,0.676965,0.000000
rota 0.000000,0.000000,0.000000,1.000000
scale 1.000000,1.000000,1.000000
trans 0.000000,0.000000,0.000000
frame 7
rota 0.986039,-0.017166,0.165625,0.000000
rota 0.110792,0.810172,-0.575628,0.000000
rota -0.124304,0.585942,0.800763,0.000000
rota 0.000000,0.000000,0.000000,1.000000
scale 1.000000,1.000000,1.000001
trans 0.000000,0.000000,-0.000000
frame 8
rota 0.996999,-0.054793,0.054684,0.000000
rota 0.076868,0.784353,-0.615534,0.000000
rota -0.009165,0.617890,0.786211,0.000000
rota 0.000000,0.000000,0.000000,1.000000
scale 1.000000,1.000000,1.000000
trans -0.000000,0.000000,0.000000
frame 9
rota 0.985023,-0.160389,-0.063284,0.000000
rota 0.067231,0.695252,-0.715615,0.000000
rota 0.158775,0.700642,0.695623,0.000000
rota 0.000000,0.000000,0.000000,1.000000
scale 1.000000,1.000000,1.000000
trans 0.000000,-0.000000,0.000000
frame 10
rota 0.958693,-0.253751,-0.128523,0.000000
rota 0.047718,0.588914,-0.806786,0.000000
rota 0.280412,0.767327,0.576696,0.000000
rota 0.000000,0.000000,0.000000,1.000000
scale 1.000000,1.000000,1.000000
trans 0.000000,0.000000,0.000000
frame 11
rota 0.932579,-0.329934,-0.146426,0.000000
rota 0.023630,0.460582,-0.887302,0.000000
rota 0.360193,0.824019,0.437325,0.000000
rota 0.000000,0.000000,0.000000,1.000000
scale 1.000000,1.000000,1.000000
trans 0.000000,0.000000,0.000000
frame 12
rota 0.921344,-0.363733,-0.137199,0.000000
rota 0.001874,0.357076,-0.934073,0.000000
rota 0.388744,0.860345,0.329671,0.000000
rota 0.000000,0.000000,0.000000,1.000000
scale 1.000000,1.000000,1.000000
trans -0.000000,-0.000000,-0.000000
frame 13
rota 0.912547,-0.388389,-0.128106,0.000000
rota -0.015919,0.279270,-0.960081,0.000000
rota 0.408661,0.878158,0.248664,0.000000
rota 0.000000,0.000000,0.000000,1.000000
scale 1.000000,1.000000,1.000000
trans -0.000000,-0.000000,0.000000
frame 14
rota 0.899475,-0.418030,-0.127261,0.000000
rota -0.029311,0.232858,-0.972069,0.000000
rota 0.435988,0.878082,0.197197,0.000000
rota 0.000000,0.000000,0.000000,1.000000
scale 1.000000,1.000000,1.000000
trans -0.000000,0.000000,-0.000000
frame 15
rota 0.885715,-0.445592,-0.130222,0.000000
rota -0.037187,0.211509,-0.976668,0.000000
rota 0.462738,0.869891,0.170767,0.000000
rota 0.000000,0.000000,0.000000,1.000000
scale 1.000000,0.999999,0.999999
trans -0.000000,-0.000000,0.000000
frame 16
rota 0.878877,-0.457884,-0.133859,0.000000
rota -0.037661,0.213125,-0.976298,0.000000
rota 0.475560,0.863087,0.170066,0.000000
rota 0.000000,0.000000,0.000000,1.000000
scale 1.000000,1.000000,1.000000
trans -0.000000,0.000000,-0.000000
frame 17
rota 0.872644,-0.468626,-0.137410,0.000000
rota -0.032466,0.225079,-0.973799,0.000000
rota 0.487276,0.854242,0.181199,0.000000
rota 0.000000,0.000000,0.000000,1.000000
scale 1.000000,1.000000,1.000000
trans 0.000000,0.000000,-0.000000
frame 18
rota 0.862523,-0.486305,-0.139862,0.000000
rota -0.022441,0.239365,-0.970670,0.000000
rota 0.505520,0.840364,0.195544,0.000000
rota 0.000000,0.000000,0.000000,1.000000
scale 1.000000,1.000000,1.000000
trans -0.000000,0.000000,0.000000
frame 19
rota 0.852373,-0.503852,-0.139978,0.000000
rota -0.008810,0.253805,-0.967215,0.000000
rota 0.522861,0.825661,0.211897,0.000000
rota 0.000000,0.000000,0.000000,1.000000
scale 1.000000,1.000000,1.000000
trans -0.000000,0.000000,0.000000
frame 20
rota 0.852301,-0.507026,-0.128481,0.000000
rota 0.011000,0.262959,-0.964745,0.000000
rota 0.522936,0.820840,0.229698,0.000000
rota 0.000000,0.000000,0.000000,1.000000
scale 1.000000,1.000000,1.000000
trans -0.000000,0.000000,-0.000000
frame 21
rota 0.853409,-0.508892,-0.112793,0.000000
rota 0.033870,0.270074,-0.962244,0.000000
rota 0.520141,0.817368,0.247720,0.000000
rota 0.000000,0.000000,0.000000,1.000000
scale 1.000000,0.999999,1.000000
trans 0.000000,0.000000,-0.000000
frame 22
rota 0.862681,-0.497676,-0.090006,0.000000
rota 0.057938,0.274045,-0.959970,0.000000
rota 0.502419,0.822933,0.265248,0.000000
rota 0.000000,0.000000,0.000000,1.000000
scale 1.000000,1.000000,1.000000
trans -0.000000,0.000000,-0.000000
frame 23
rota 0.880424,-0.470412,-0.059718,0.000000
rota 0.081450,0.274090,-0.958248,0.000000
rota 0.467140,0.838801,0.279630,0.000000
rota 0.000000,0.000000,0.000000,1.000000
scale 1.000000,1.000000,1.000000
trans 0.000000,0.000000,-0.000000
frame 24
rota 0.914630,-0.404108,-0.012195,0.000000
rota 0.101241,0.258136,-0.960789,0.000000
rota 0.391410,0.877532,0.277011,0.000000
rota 0.000000,0.000000,0.000000,1.000000
scale 1.000000,1.000000,1.000000
trans 0.000000,0.000000,0.000000
frame 25
rota 0.947012,-0.319398,0.033952,0.000000
rota 0.115869,0.241126,-0.963552,0.000000
rota 0.299570,0.916429,0.265358,0.000000
rota 0.000000,0.000000,0.000000,1.000000
scale 1.000000,1.000000,1.000000
trans -0.000000,0.000000,0.000000
frame 26
rota 0.969091,-0.240607,0.054496,0.000000
rota 0.124053,0.284326,-0.950668,0.000000
rota 0.213243,0.928045,0.305386,0.000000
rota 0.000000,0.000000,0.000000,1.000000
scale 1.000000,1.000000,1.000000
trans -0.000000,0.000000,-0.000000
frame 27
rota 0.980054,-0.192229,0.050412,0.000000
rota 0.124629,0.396928,-0.909350,0.000000
rota 0.154794,0.897495,0.412969,0.000000
rota 0.000000,0.000000,0.000000,1.000000
scale 1.000000,1.000000,1.000000
trans 0.000000,0.000000,0.000000
frame 28
rota 0.985945,-0.163995,0.031895,0.000000
rota 0.117000,0.541496,-0.832523,0.000000
rota 0.119258,0.824554,0.553072,0.000000
rota 0.000000,0.000000,0.000000,1.000000
scale 1.000000,1.000000,1.000000
trans -0.000000,0.000000,-0.000000
frame 29
rota 0.994603,-0.095656,0.040179,0.000000
rota 0.095769,0.697472,-0.710184,0.000000
rota 0.039910,0.710199,0.702869,0.000000
rota 0.000000,0.000000,0.000000,1.000000
scale 1.000000,1.000000,1.000000
trans 0.000000,0.000000,-0.000000
frame 30
rota 0.996409,-0.037550,0.075883,0.000000
rota 0.073002,0.834992,-0.545399,0.000000
rota -0.042883,0.548980,0.834735,0.000000
rota 0.000000,0.000000,0.000000,1.000000
scale 1.000000,1.000000,1.000000
trans -0.000000,0.000000,-0.000000
frame 31
rota 0.998277,-0.058678,0.000363,0.000000
rota 0.050377,0.853853,-0.518071,0.000000
rota 0.030089,0.517197,0.855337,0.000000
rota 0.000000,0.000000,0.000000,1.000000
scale 1.000000,1.000000,1.000000
trans 0.000000,0.000000,-0.000000
frame 32
rota 0.973946,-0.177420,-0.141245,0.000000
rota 0.032680,0.726138,-0.686772,0.000000
rota 0.224411,0.664263,0.713018,0.000000
rota 0.000000,0.000000,0.000000,1.000000
scale 1.000000,1.000000,1.000000
trans 0.000000,-0.000000,-0.000000
frame 33
rota 0.962557,-0.182052,-0.200850,0.000000
rota -0.026359,0.674559,-0.737751,0.000000
rota 0.269795,0.715421,0.644502,0.000000
rota 0.000000,0.000000,0.000000,1.000000
scale 1.000000,1.000000,1.000000
trans 0.000000,-0.000000,-0.000000
frame 34
rota 0.960594,-0.152302,-0.232514,0.000000
rota -0.069931,0.677187,-0.732480,0.000000
rota 0.269013,0.719876,0.639851,0.000000
rota 0.000000,0.000000,0.000000,1.000000
scale 1.000000,1.000000,1.000000
trans 0.000000,0.000000,-0.000000
frame 35
rota 0.966341,-0.118767,-0.228208,0.000000
rota -0.071100,0.729217,-0.680578,0.000000
rota 0.247243,0.673896,0.696228,0.000000
rota 0.000000,0.000000,0.000000,1.000000
scale 1.000000,1.000000,1.000000
trans -0.000000,-0.000000,-0.000000

frame 0
rota 0.984761,-0.173263,0.015009,0.000000
rota 0.173903,0.981934,-0.074588,0.000000
rota -0.001814,0.076062,0.997101,0.000000
rota 0.000000,0.000000,0.000000,1.000000
scale 1.000000,1.000000,1.000000
trans 0.000000,0.000000,-0.000000
frame 1
rota 0.984058,-0.177316,0.013712,0.000000
rota 0.177844,0.980923,-0.078492,0.000000
rota 0.000468,0.079679,0.996820,0.000000
rota 0.000000,0.000000,0.000000,1.000000
scale 1.000000,1.000000,1.000000
trans -0.000000,-0.000000,-0.000000
frame 2
rota 0.978559,-0.205366,0.015694,0.000000
rota 0.204717,0.961428,-0.183707,0.000000
rota 0.022638,0.182981,0.982856,0.000000
rota 0.000000,0.000000,0.000000,1.000000
scale 1.000000,1.000000,1.000000
trans -0.000000,-0.000000,0.000000
frame 3
rota 0.967568,-0.251089,0.027669,0.000000
rota 0.250674,0.940851,-0.227952,0.000000
rota 0.031204,0.227495,0.973279,0.000000
rota 0.000000,0.000000,0.000000,1.000000
scale 1.000000,1.000000,1.000000
trans -0.000000,-0.000000,-0.000000
frame 4
rota 0.951253,-0.306711,0.032350,0.000000
rota 0.307759,0.937180,-0.164251,0.000000
rota 0.020060,0.166200,0.985888,0.000000
rota 0.000000,0.000000,0.000000,1.000000
scale 1.000000,1.000000,1.000000
trans -0.000000,-0.000000,0.000000
frame 5
rota 0.976317,-0.216171,0.008622,0.000000
rota 0.215862,0.970713,-0.105452,0.000000
rota 0.014427,0.104815,0.994387,0.000000
rota 0.000000,0.000000,0.000000,1.000000
scale 1.000000,1.000000,1.000000
trans -0.000000,0.000000,-0.000000
frame 6
rota 0.995505,-0.094704,-0.000677,0.000000
rota 0.094126,0.990167,-0.103483,0.000000
rota 0.010471,0.102954,0.994631,0.000000
rota 0.000000,0.000000,0.000000,1.000000
scale 1.000000,1.000000,1.000000
trans -0.000000,-0.000000,0.000000
frame 7
rota 0.984384,-0.175229,0.016829,0.000000
rota 0.175120,0.965040,-0.195014,0.000000
rota 0.017931,0.194916,0.980656,0.000000
rota 0.000000,0.000000,0.000000,1.000000
scale 1.000000,1.000000,1.000000
trans -0.000000,-0.000000,-0.000000
frame 8
rota 0.981830,-0.188683,0.020198,0.000000
rota 0.189255,0.965882,-0.176789,0.000000
rota 0.013848,0.177399,0.984042,0.000000
rota 0.000000,0.000000,0.000000,1.000000
scale 1.000000,1.000000,1.000000
trans -0.000000,-0.000000,-0.000000
frame 9
rota 0.994080,-0.108504,0.005676,0.000000
rota 0.108580,0.990152,-0.088369,0.000000
rota 0.003968,0.088462,0.996072,0.000000
rota 0.000000,0.000000,0.000000,1.000000
scale 1.000000,1.000000,1.000000
trans -0.000000,-0.000000,-0.000000
frame 10
rota 0.999555,-0.029290,-0.005559,0.000000
rota 0.029291,0.999571,0.000145,0.000000
rota 0.005552,-0.000307,0.999985,0.000000
rota 0.000000,0.000000,0.000000,1.000000
scale 1.000000,1.000000,1.000000
trans 0.000000,-0.000000,0.000000
frame 11
rota 0.998871,0.044955,-0.015363,0.000000
rota -0.043523,0.995561,0.083448,0.000000
rota 0.019046,-0.082685,0.996394,0.000000
rota 0.000000,0.000000,0.000000,1.000000
scale 1.000000,1.000000,1.000000
trans 0.000000,-0.000000,0.000000
frame 12
rota 0.995618,0.090062,-0.025179,0.000000
rota -0.085780,0.986762,0.137631,0.000000
rota 0.037241,-0.134868,0.990163,0.000000
rota 0.000000,0.000000,0.000000,1.000000
scale 1.000000,1.000000,1.000000
trans -0.000000,-0.000000,0.000000
frame 13
rota 0.991846,0.122873,-0.033827,0.000000
rota -0.115026,0.977373,0.177513,0.000000
rota 0.054873,-0.172175,0.983537,0.000000
rota 0.000000,0.000000,0.000000,1.000000
scale 1.000000,1.000000,1.000000
trans -0.000000,-0.000000,0.000000
frame 14
rota 0.988089,0.149001,-0.038450,0.000000
rota -0.138144,0.968976,0.204945,0.000000
rota 0.067794,-0.197192,0.978018,0.000000
rota 0.000000,0.000000,0.000000,1.000000
scale 1.000000,1.000000,1.000000
trans -0.000000,-0.000000,-0.000000
frame 15
rota 0.985492,0.165016,-0.039682,0.000000
rota -0.152285,0.962966,0.222498,0.000000
rota 0.074928,-0.213227,0.974125,0.000000
rota 0.000000,0.000000,0.000000,1.000000
scale 1.000000,1.000000,1.000000
trans -0.000000,-0.000000,-0.000000
frame 16
rota 0.985916,0.162744,-0.038517,0.000000
rota -0.149541,0.960995,0.232650,0.000000
rota 0.074877,-0.223614,0.971797,0.000000
rota 0.000000,0.000000,0.000000,1.000000
scale 1.000000,1.000000,1.000000
trans -0.000000,-0.000000,0.000000
frame 17
rota 0.987057,0.156229,-0.036211,0.000000
rota -0.143389,0.960866,0.237016,0.000000
rota 0.071823,-0.228756,0.970831,0.000000
rota 0.000000,0.000000,0.000000,1.000000
scale 1.000000,1.000000,1.000000
trans 0.000000,-0.000000,-0.000000
frame 18
rota 0.987331,0.154976,-0.034054,0.000000
rota -0.142727,0.961181,0.236135,0.000000
rota 0.069328,-0.228283,0.971123,0.000000
rota 0.000000,0.000000,0.000000,1.000000
scale 1.000000,1.000000,1.000000
trans -0.000000,-0.000000,0.000000
frame 19
rota 0.987231,0.155893,-0.032733,0.000000
rota -0.144235,0.962047,0.231649,0.000000
rota 0.067604,-0.223970,0.972248,0.000000
rota 0.000000,0.000000,0.000000,1.000000
scale 1.000000,1.000000,1.000000
trans -0.000000,-0.000000,0.000000
frame 20
rota 0.987373,0.155402,-0.030739,0.000000
rota -0.144773,0.963976,0.223141,0.000000
rota 0.064309,-0.215873,0.974301,0.000000
rota 0.000000,0.000000,0.000000,1.000000
scale 1.000000,1.000000,1.000000
trans -0.000000,-0.000000,0.000000
frame 21
rota 0.987243,0.156628,-0.028616,0.000000
rota -0.147098,0.966012,0.212564,0.000000
rota 0.060937,-0.205643,0.976728,0.000000
rota 0.000000,0.000000,0.000000,1.000000
scale 1.000000,1.000000,1.000000
trans -0.000000,-0.000000,0.000000
frame 22
rota 0.987918,0.152822,-0.025752,0.000000
rota -0.144444,0.968186,0.204334,0.000000
rota 0.056159,-0.198146,0.978562,0.000000
rota 0.000000,0.000000,0.000000,1.000000
scale 1.000000,1.000000,1.000000
trans -0.000000,-0.000000,-0.000000
frame 23
rota 0.989786,0.140860,-0.021973,0.000000
rota -0.133621,0.970342,0.201450,0.000000
rota 0.049698,-0.196456,0.979252,0.000000
rota 0.000000,0.000000,0.000000,1.000000
scale 1.000000,1.000000,1.000000
trans 0.000000,-0.000000,0.000000
frame 24
rota 0.994678,0.101719,-0.016415,0.000000
rota -0.095839,0.971885,0.215070,0.000000
rota 0.037830,-0.212352,0.976461,0.000000
rota 0.000000,0.000000,0.000000,1.000000
scale 1.000000,1.000000,1.000000
trans 0.000000,0.000000,-0.000000
frame 25
rota 0.999357,0.033749,-0.012084,0.000000
rota -0.029941,0.971211,0.236331,0.000000
rota 0.019712,-0.235818,0.971597,0.000000
rota 0.000000,0.000000,0.000000,1.000000
scale 1.000000,1.000000,1.000000
trans -0.000000,-0.000000,-0.000000
frame 26
rota 0.999116,-0.040593,-0.010907,0.000000
rota 0.041999,0.974531,0.220286,0.000000
rota 0.001688,-0.220550,0.975374,0.000000
rota 0.000000,0.000000,0.000000,1.000000
scale 1.000000,1.000000,1.000000
trans 0.000000,-0.000000,-0.000000
frame 27
rota 0.995259,-0.096943,-0.007869,0.000000
rota 0.097084,0.985303,0.140548,0.000000
rota -0.005872,-0.140645,0.990043,0.000000
rota 0.000000,0.000000,0.000000,1.000000
scale 1.000000,1.000000,1.000000
trans -0.000000,-0.000000,-0.000000
frame 28
rota 0.991278,-0.131781,-0.001581,0.000000
rota 0.131787,0.991105,0.018499,0.000000
rota -0.000871,-0.018546,0.999828,0.000000
rota 0.000000,0.000000,0.000000,1.000000
scale 1.000000,1.000000,1.000000
trans -0.000000,-0.000000,0.000000
frame 29
rota 0.985776,-0.167859,0.008322,0.000000
rota 0.167590,0.978064,-0.123711,0.000000
rota 0.012626,0.123346,0.992283,0.000000
rota 0.000000,0.000000,0.000000,1.000000
scale 1.000000,1.000000,1.000000
trans -0.000000,-0.000000,-0.000000
frame 30
rota 0.979487,-0.197372,0.040628,0.000000
rota 0.198676,0.912192,-0.358377,0.000000
rota 0.033673,0.359097,0.932692,0.000000
rota 0.000000,0.000000,0.000000,1.000000
scale 1.000000,1.000000,1.000000
trans -0.000000,-0.000000,-0.000000
frame 31
rota 0.972344,-0.228531,0.048179,0.000000
rota 0.228652,0.889411,-0.395811,0.000000
rota 0.047604,0.395881,0.917067,0.000000
rota 0.000000,0.000000,0.000000,1.000000
scale 1.000000,1.000000,1.000000
trans 0.000000,-0.000000,0.000000
frame 32
rota 0.979446,-0.201463,0.009899,0.000000
rota 0.199836,0.962528,-0.183320,0.000000
rota 0.027404,0.181530,0.983003,0.000000
rota 0.000000,0.000000,0.000000,1.000000
scale 1.000000,1.000000,1.000000
trans -0.000000,-0.000000,-0.000000
frame 33
rota 0.987314,-0.158776,0.000700,0.000000
rota 0.158457,0.985029,-0.067889,0.000000
rota 0.010089,0.067139,0.997693,0.000000
rota 0.000000,0.000000,0.000000,1.000000
scale 1.000000,1.000000,1.000000
trans 0.000000,-0.000000,0.000000
frame 34
rota 0.990291,-0.138912,0.005129,0.000000
rota 0.138972,0.990197,-0.014055,0.000000
rota -0.003127,0.014631,0.999888,0.000000
rota 0.000000,0.000000,0.000000,1.000000
scale 1.000000,1.000000,1.000000
trans -0.000000,-0.000000,-0.000000
frame 35
rota 0.985830,-0.167237,0.013051,0.000000
rota 0.167720,0.984048,-0.059327,0.000000
rota -0.002921,0.060675,0.998153,0.000000
rota 0.000000,0.000000,0.000000,1.000000
scale 1.000000,1.000000,1.000000
trans 0.000000,-0.000000,-0.000000

frame 0
rota 0.995302,0.074285,-0.062090,0.000000
rota -0.071324,0.996267,0.048622,0.000000
rota 0.065470,-0.043965,0.996886,0.000000
rota 0.000000,0.000000,0.000000,1.000000
scale 1.000000,1.000000,1.000000
trans 0.000000,0.000000,-0.000000
frame 1
rota 0.995174,0.077235,-0.060521,0.000000
rota -0.073715,0.995569,0.058380,0.000000
rota 0.064762,-0.053637,0.996458,0.000000
rota 0.000000,0.000000,0.000000,1.000000
scale 1.000000,1.000000,1.000000
trans 0.000000,0.000000,0.000000
frame 2
rota 0.993592,0.105242,-0.041216,0.000000
rota -0.097181,0.981680,0.163893,0.000000
rota 0.057709,-0.158837,0.985617,0.000000
rota 0.000000,0.000000,0.000000,1.000000
scale 1.000000,1.000000,1.000000
trans 0.000000,0.000000,0.000000
frame 3
rota 0.993682,0.110041,-0.022053,0.000000
rota -0.107542,0.989813,0.093297,0.000000
rota 0.032095,-0.090336,0.995394,0.000000
rota 0.000000,0.000000,0.000000,1.000000
scale 1.000000,1.000000,1.000000
trans 0.000000,0.000000,0.000000
frame 4
rota 0.997567,0.067811,-0.016171,0.000000
rota -0.066847,0.996294,0.054129,0.000000
rota 0.019782,-0.052916,0.998403,0.000000
rota 0.000000,0.000000,0.000000,1.000000
scale 1.000000,1.000000,1.000000
trans -0.000000,0.000000,0.000000
frame 5
rota 0.999514,0.029102,-0.011138,0.000000
rota -0.027461,0.991584,0.126516,0.000000
rota 0.014727,-0.126149,0.991902,0.000000
rota 0.000000,0.000000,0.000000,1.000000
scale 1.000000,1.000000,1.000000
trans 0.000000,0.000000,0.000000
frame 6
rota 0.999923,-0.007188,0.010087,0.000000
rota 0.005072,0.980610,0.195904,0.000000
rota -0.011300,-0.195838,0.980571,0.000000
rota 0.000000,0.000000,0.000000,1.000000
scale 1.000000,1.000000,1.000000
trans 0.000000,0.000000,0.000000
frame 7
rota 0.992099,-0.100143,0.075564,0.000000
rota 0.091756,0.989982,0.107313,0.000000
rota -0.085554,-0.099532,0.991350,0.000000
rota 0.000000,0.000000,0.000000,1.000000
scale 0.999999,1.000000,0.999999
trans 0.000000,0.000000,0.000000
frame 8
rota 0.986766,-0.128493,0.098903,0.000000
rota 0.127737,0.991710,0.013972,0.000000
rota -0.099879,-0.001154,0.994999,0.000000
rota 0.000000,0.000000,0.000000,1.000000
scale 1.000000,1.000000,1.000000
trans -0.000000,0.000000,0.000000
frame 9
rota 0.986766,-0.128495,0.098904,0.000000
rota 0.127739,0.991710,0.013958,0.000000
rota -0.099878,-0.001140,0.994999,0.000000
rota 0.000000,0.000000,0.000000,1.000000
scale 1.000000,1.000000,1.000000
trans 0.000000,0.000000,-0.000000
frame 10
rota 0.986766,-0.128494,0.098908,0.000000
rota 0.127741,0.991710,0.013934,0.000000
rota -0.099878,-0.001115,0.994999,0.000000
rota 0.000000,0.000000,0.000000,1.000000
scale 1.000000,1.000000,1.000000
trans -0.000000,0.000000,0.000000
frame 11
rota 0.986766,-0.128492,0.098909,0.000000
rota 0.127742,0.991710,0.013904,0.000000
rota -0.099876,-0.001086,0.994999,0.000000
rota 0.000000,0.000000,0.000000,1.000000
scale 1.000000,1.000000,1.000000
trans -0.000000,0.000000,0.000000
frame 12
rota 0.986766,-0.128490,0.098912,0.000000
rota 0.127744,0.991710,0.013869,0.000000
rota -0.099874,-0.001050,0.995000,0.000000
rota 0.000000,0.000000,0.000000,1.000000
scale 1.000000,1.000000,1.000000
trans 0.000000,0.000000,0.000000
frame 13
rota 0.986766,-0.128488,0.098916,0.000000
rota 0.127746,0.991710,0.013829,0.000000
rota -0.099873,-0.001010,0.995000,0.000000
rota 0.000000,0.000000,0.000000,1.000000
scale 1.000000,1.000000,1.000000
trans 0.000000,0.000000,0.000000
frame 14
rota 0.986766,-0.128484,0.098920,0.000000
rota 0.127747,0.991711,0.013773,0.000000
rota -0.099870,-0.000954,0.995000,0.000000
rota 0.000000,0.000000,0.000000,1.000000
scale 1.000000,1.000000,1.000000
trans 0.000000,0.000000,0.000000
frame 15
rota 0.986766,-0.128478,0.098924,0.000000
rota 0.127748,0.991712,0.013709,0.000000
rota -0.099866,-0.000890,0.995001,0.000000
rota 0.000000,0.000000,0.000000,1.000000
scale 1.000000,1.000000,0.999999
trans -0.000000,0.000000,0.000000
frame 16
rota 0.986766,-0.128476,0.098929,0.000000
rota 0.127750,0.991712,0.013663,0.000000
rota -0.099865,-0.000844,0.995001,0.000000
rota 0.000000,0.000000,0.000000,1.000000
scale 1.000000,1.000000,1.000000
trans 0.000000,0.000000,0.000000
frame 17
rota 0.986766,-0.128474,0.098933,0.000000
rota 0.127752,0.991713,0.013632,0.000000
rota -0.099864,-0.000812,0.995001,0.000000
rota 0.000000,0.000000,0.000000,1.000000
scale 1.000000,1.000000,1.000000
trans 0.000000,0.000000,0.000000
frame 18
rota 0.986766,-0.128473,0.098937,0.000000
rota 0.127753,0.991713,0.013602,0.000000
rota -0.099865,-0.000782,0.995001,0.000000
rota 0.000000,0.000000,0.000000,1.000000
scale 1.000000,1.000000,1.000000
trans -0.000000,0.000000,0.000000
frame 19
rota 0.986765,-0.128472,0.098941,0.000000
rota 0.127755,0.991713,0.013574,0.000000
rota -0.099865,-0.000754,0.995001,0.000000
rota 0.000000,0.000000,0.000000,1.000000
scale 1.000000,1.000000,1.000000
trans -0.000000,0.000000,0.000000
frame 20
rota 0.986765,-0.128472,0.098944,0.000000
