framenum 30
frame 0
rota 0.998956,-0.038360,0.024817,0.000000
rota 0.038785,0.999105,-0.016866,0.000000
rota -0.024148,0.017811,0.999550,0.000000
rota 0.000000,0.000000,0.000000,1.000000
scale 1.000000,1.000000,1.000000
trans 0.000000,0.000000,-0.000000
frame 1
rota 0.999136,-0.041297,0.004574,0.000000
rota 0.041363,0.999025,-0.015422,0.000000
rota -0.003932,0.015598,0.999871,0.000000
rota 0.000000,0.000000,0.000000,1.000000
scale 1.000000,1.000000,1.000000
trans -0.001074,0.000421,-0.000000
frame 2
rota 0.999042,-0.042627,-0.009905,0.000000
rota 0.042503,0.999019,-0.012447,0.000000
rota 0.010426,0.012014,0.999873,0.000000
rota 0.000000,0.000000,0.000000,1.000000
scale 1.000000,1.000000,1.000000
trans -0.001470,-0.003613,-0.000000
frame 3
rota 0.998971,-0.040411,-0.020612,0.000000
rota 0.040191,0.999132,-0.010955,0.000000
rota 0.021037,0.010115,0.999728,0.000000
rota 0.000000,0.000000,0.000000,1.000000
scale 0.999999,1.000000,1.000000
trans -0.001791,-0.010966,-0.000000
frame 4
rota 0.998806,-0.036911,-0.032004,0.000000
rota 0.036526,0.999254,-0.012552,0.000000
rota 0.032444,0.011368,0.999409,0.000000
rota 0.000000,0.000000,0.000000,1.000000
scale 1.000000,1.000000,1.000000
trans -0.001444,-0.020466,-0.000000
frame 5
rota 0.998330,-0.035220,-0.045792,0.000000
rota 0.034565,0.999290,-0.015012,0.000000
rota 0.046288,0.013404,0.998838,0.000000
rota 0.000000,0.000000,0.000000,1.000000
scale 1.000000,1.000000,1.000000
trans -0.000077,-0.031118,-0.000000
frame 6
rota 0.997653,-0.034468,-0.059171,0.000000
rota 0.033626,0.999319,-0.015158,0.000000
rota 0.059653,0.013133,0.998133,0.000000
rota 0.000000,0.000000,0.000000,1.000000
scale 1.000000,1.000000,1.000000
trans 0.002447,-0.043919,-0.000000
frame 7
rota 0.997096,-0.031896,-0.069153,0.000000
rota 0.030973,0.999417,-0.014382,0.000000
rota 0.069571,0.012198,0.997502,0.000000
rota 0.000000,0.000000,0.000000,1.000000
scale 1.000000,1.000000,1.000000
trans 0.007246,-0.058012,-0.000000
frame 8
rota 0.996981,-0.025777,-0.073245,0.000000
rota 0.024543,0.999542,-0.017690,0.000000
rota 0.073667,0.015839,0.997157,0.000000
rota 0.000000,0.000000,0.000000,1.000000
scale 1.000000,1.000000,1.000000
trans 0.012167,-0.065626,-0.000000
frame 9
rota 0.997399,-0.017995,-0.069789,0.000000
rota 0.016276,0.999552,-0.025127,0.000000
rota 0.070210,0.023926,0.997245,0.000000
rota 0.000000,0.000000,0.000000,1.000000
scale 1.000000,1.000000,1.000000
trans 0.017636,-0.066970,-0.000000
frame 10
rota 0.998064,-0.013360,-0.060741,0.000000
rota 0.011573,0.999492,-0.029683,0.000000
rota 0.061107,0.028922,0.997712,0.000000
rota 0.000000,0.000000,0.000000,1.000000
scale 1.000000,1.000000,1.000000
trans 0.022808,-0.064710,-0.000000
frame 11
rota 0.998589,-0.010655,-0.052027,0.000000
rota 0.009269,0.999598,-0.026806,0.000000
rota 0.052291,0.026286,0.998286,0.000000
rota 0.000000,0.000000,0.000000,1.000000
scale 1.000000,1.000000,1.000000
trans 0.028007,-0.053232,-0.000000
frame 12
rota 0.998904,-0.011696,-0.045315,0.000000
rota 0.010788,0.999737,-0.020229,0.000000
rota 0.045540,0.019718,0.998768,0.000000
rota 0.000000,0.000000,0.000000,1.000000
scale 1.000000,1.000000,1.000000
trans 0.032241,-0.035203,-0.000000
frame 13
rota 0.999295,-0.016021,-0.033947,0.000000
rota 0.015501,0.999759,-0.015519,0.000000
rota 0.034187,0.014982,0.999303,0.000000
rota 0.000000,0.000000,0.000000,1.000000
scale 1.000000,1.000000,1.000000
trans 0.034967,-0.018041,-0.000000
frame 14
rota 0.999718,-0.021140,-0.010844,0.000000
rota 0.020972,0.999661,-0.015426,0.000000
rota 0.011166,0.015195,0.999822,0.000000
rota 0.000000,0.000000,0.000000,1.000000
scale 1.000000,1.000000,1.000000
trans 0.037391,-0.003568,-0.000000
frame 15
rota 0.999539,-0.021140,0.021799,0.000000
rota 0.021573,0.999571,-0.019830,0.000000
rota -0.021370,0.020291,0.999566,0.000000
rota 0.000000,0.000000,0.000000,1.000000
scale 1.000000,1.000000,1.000000
trans 0.039159,0.004768,-0.000000
frame 16
rota 0.998489,-0.012651,0.053483,0.000000
rota 0.014072,0.999556,-0.026281,0.000000
rota -0.053127,0.026994,0.998223,0.000000
rota 0.000000,0.000000,0.000000,1.000000
scale 1.000000,1.000000,1.000000
trans 0.040104,0.006108,-0.000000
frame 17
rota 0.997137,0.000785,0.075609,0.000000
rota 0.001593,0.999506,-0.031388,0.000000
rota -0.075596,0.031419,0.996643,0.000000
rota 0.000000,0.000000,0.000000,1.000000
scale 1.000000,1.000000,1.000000
trans 0.040523,0.000963,-0.000000
frame 18
rota 0.995998,0.012663,0.088474,0.000000
rota -0.009727,0.999390,-0.033534,0.000000
rota -0.088844,0.032539,0.995514,0.000000
rota 0.000000,0.000000,0.000000,1.000000
scale 1.000000,1.000000,1.000000
trans 0.040996,-0.009403,-0.000000
frame 19
rota 0.994952,0.019883,0.098365,0.000000
rota -0.016610,0.999285,-0.033976,0.000000
rota -0.098970,0.032171,0.994570,0.000000
rota 0.000000,0.000000,0.000000,1.000000
scale 1.000000,1.000000,1.000000
trans 0.041048,-0.021816,-0.000000
frame 20
rota 0.993625,0.023336,0.110295,0.000000
rota -0.019597,0.999200,-0.034869,0.000000
rota -0.111020,0.032486,0.993287,0.000000
rota 0.000000,0.000000,0.000000,1.000000
scale 1.000000,1.000000,1.000000
trans 0.040710,-0.036910,-0.000000
frame 21
rota 0.991724,0.025474,0.125836,0.000000
rota -0.020930,0.999085,-0.037307,0.000000
rota -0.126671,0.034365,0.991349,0.000000
rota 0.000000,0.000000,0.000000,1.000000
scale 1.000000,1.000000,1.000000
trans 0.039216,-0.051947,-0.000000
frame 22
rota 0.989766,0.024060,0.140654,0.000000
rota -0.018431,0.998981,-0.041189,0.000000
rota -0.141501,0.038175,0.989202,0.000000
rota 0.000000,0.000000,0.000000,1.000000
scale 0.999999,1.000000,1.000000
trans 0.035191,-0.065197,-0.000000
frame 23
rota 0.988974,0.014738,0.147352,0.000000
rota -0.007965,0.998889,-0.046445,0.000000
rota -0.147873,0.044759,0.987993,0.000000
rota 0.000000,0.000000,0.000000,1.000000
scale 1.000000,1.000000,1.000000
trans 0.030011,-0.071812,-0.000000
frame 24
rota 0.989683,-0.004589,0.143201,0.000000
rota 0.012154,0.998573,-0.051997,0.000000
rota -0.142758,0.053201,0.988327,0.000000
rota 0.000000,0.000000,0.000000,1.000000
scale 1.000000,1.000000,1.000000
trans 0.024293,-0.073391,-0.000000
frame 25
rota 0.990883,-0.024052,0.132564,0.000000
rota 0.031547,0.998003,-0.054730,0.000000
rota -0.130983,0.058413,0.989662,0.000000
rota 0.000000,0.000000,0.000000,1.000000
scale 1.000000,1.000000,1.000000
trans 0.018894,-0.065600,-0.000000
frame 26
rota 0.991622,-0.037920,0.123479,0.000000
rota 0.044374,0.997766,-0.049947,0.000000
rota -0.121309,0.055008,0.991089,0.000000
rota 0.000000,0.000000,0.000000,1.000000
scale 1.000000,1.000000,1.000000
trans 0.012351,-0.053561,-0.000000
frame 27
rota 0.992197,-0.045197,0.116202,0.000000
rota 0.049936,0.998022,-0.038197,0.000000
rota -0.114246,0.043702,0.992491,0.000000
rota 0.000000,0.000000,0.000000,1.000000
scale 1.000000,1.000000,1.000000
trans 0.008362,-0.039364,-0.000000
frame 28
rota 0.993598,-0.046085,0.103150,0.000000
rota 0.048993,0.998465,-0.025846,0.000000
rota -0.101801,0.030734,0.994330,0.000000
rota 0.000000,0.000000,0.000000,1.000000
scale 1.000000,1.000000,1.000000
trans 0.005643,-0.026006,-0.000000
frame 29
rota 0.995918,-0.041975,0.079912,0.000000
rota 0.043562,0.998885,-0.018219,0.000000
rota -0.079058,0.021626,0.996635,0.000000
rota 0.000000,0.000000,0.000000,1.000000
scale 1.000000,1.000000,1.000000
trans 0.003367,-0.014472,-0.000000

frame 0
rota 0.988557,0.056401,0.139907,0.000000
rota -0.118004,0.866897,0.484319,0.000000
rota -0.093969,-0.495287,0.863633,0.000000
rota 0.000000,0.000000,0.000000,1.000000
scale 1.000000,1.000000,1.000000
trans 0.000000,0.000000,-0.000000
frame 1
rota 0.990543,0.049696,0.127888,0.000000
rota -0.109508,0.847920,0.518691,0.000000
rota -0.082662,-0.527790,0.845343,0.000000
rota 0.000000,0.000000,0.000000,1.000000
scale 1.000000,1.000000,1.000000
trans -0.000000,0.000000,-0.000000
frame 2
rota 0.992120,0.044285,0.117204,0.000000
rota -0.101163,0.835035,0.540817,0.000000
rota -0.073919,-0.548412,0.832935,0.000000
rota 0.000000,0.000000,0.000000,1.000000
scale 1.000000,1.000000,1.000000
trans -0.000000,0.000000,-0.000000
frame 3
rota 0.993201,0.033809,0.111393,0.000000
rota -0.090833,0.823544,0.559932,0.000000
rota -0.072806,-0.566244,0.821016,0.000000
rota 0.000000,0.000000,0.000000,1.000000
scale 1.000000,1.000000,1.000000
trans -0.000000,0.000000,-0.000000
frame 4
rota 0.994905,0.024647,0.097755,0.000000
rota -0.077632,0.805927,0.586903,0.000000
rota -0.064318,-0.591502,0.803734,0.000000
rota 0.000000,0.000000,0.000000,1.000000
scale 1.000000,1.000000,1.000000
trans -0.000000,0.000000,-0.000000
frame 5
rota 0.996015,0.020775,0.086728,0.000000
rota -0.071002,0.773166,0.630216,0.000000
rota -0.053962,-0.633863,0.771561,0.000000
rota 0.000000,0.000000,0.000000,1.000000
scale 1.000001,0.999999,1.000000
trans -0.000000,0.000000,-0.000000
frame 6
rota 0.995396,0.013711,0.094859,0.000000
rota -0.072747,0.752463,0.654604,0.000000
rota -0.062403,-0.658491,0.749997,0.000000
rota 0.000000,0.000000,0.000000,1.000000
scale 1.000000,1.000000,0.999999
trans -0.000000,0.000000,-0.000000
frame 7
rota 0.993934,0.000226,0.109982,0.000000
rota -0.071050,0.764640,0.640529,0.000000
rota -0.083952,-0.644458,0.760017,0.000000
rota 0.000000,0.000000,0.000000,1.000000
scale 1.000001,1.000000,1.000000
trans -0.000000,0.000000,-0.000000
frame 8
rota 0.993417,-0.009035,0.114196,0.000000
rota -0.065478,0.773190,0.630785,0.000000
rota -0.093994,-0.634110,0.767508,0.000000
rota 0.000000,0.000000,0.000000,1.000000
scale 1.000000,1.000000,1.000000
trans 0.000000,-0.000000,-0.000000
frame 9
rota 0.994237,-0.012971,0.106416,0.000000
rota -0.055564,0.786566,0.615002,0.000000
rota -0.091680,-0.617370,0.781312,0.000000
rota 0.000000,0.000000,0.000000,1.000000
scale 1.000000,1.000000,1.000000
trans -0.000000,0.000000,-0.000000
frame 10
rota 0.995055,-0.018552,0.097576,0.000000
rota -0.044634,0.794095,0.606152,0.000000
rota -0.088729,-0.607510,0.789340,0.000000
rota 0.000000,0.000000,0.000000,1.000000
scale 1.000000,1.000000,0.999999
trans 0.000000,0.000000,-0.000000
frame 11
rota 0.995528,-0.026082,0.090794,0.000000
rota -0.028644,0.832531,0.553237,0.000000
rota -0.090018,-0.553363,0.828061,0.000000
rota 0.000000,0.000000,0.000000,1.000000
scale 1.000000,1.000000,1.000000
trans 0.000000,0.000000,-0.000000
frame 12
rota 0.995195,-0.029881,0.093247,0.000000
rota -0.016886,0.885659,0.464029,0.000000
rota -0.096450,-0.463374,0.880898,0.000000
rota 0.000000,0.000000,0.000000,1.000000
scale 1.000001,1.000000,1.000001
trans -0.000000,0.000000,-0.000000
frame 13
rota 0.992557,-0.029616,0.118125,0.000000
rota -0.015234,0.932165,0.361714,0.000000
rota -0.120825,-0.360821,0.924775,0.000000
rota 0.000000,0.000000,0.000000,1.000000
scale 1.000000,1.000000,1.000000
trans 0.000000,0.000000,-0.000000
frame 14
rota 0.989183,-0.025113,0.144522,0.000000
rota -0.012322,0.967529,0.252458,0.000000
rota -0.146169,-0.251508,0.956754,0.000000
rota 0.000000,0.000000,0.000000,1.000000
scale 1.000000,1.000000,1.000000
trans 0.000000,0.000000,-0.000000
frame 15
rota 0.987371,-0.018398,0.157353,0.000000
rota -0.007206,0.986990,0.160619,0.000000
rota -0.158261,-0.159725,0.974393,0.000000
rota 0.000000,0.000000,0.000000,1.000000
scale 1.000000,1.000000,1.000000
trans 0.000000,0.000000,-0.000000
frame 16
rota 0.984997,-0.010634,0.172245,0.000000
rota -0.002212,0.997240,0.074218,0.000000
rota -0.172558,-0.073486,0.982254,0.000000
rota 0.000000,0.000000,0.000000,1.000000
scale 1.000000,0.999999,1.000000
trans 0.000000,0.000000,-0.000000
frame 17
rota 0.981931,-0.002317,0.189225,0.000000
rota 0.004835,0.999906,-0.012846,0.000000
rota -0.189178,0.013529,0.981850,0.000000
rota 0.000000,0.000000,0.000000,1.000000
scale 1.000000,1.000000,1.000000
trans 0.000000,0.000000,-0.000000
frame 18
rota 0.977964,0.013587,0.208331,0.000000
rota 0.003154,0.996805,-0.079816,0.000000
rota -0.208750,0.078715,0.974796,0.000000
rota 0.000000,0.000000,0.000000,1.000000
scale 1.000000,1.000000,1.000000
trans 0.000000,0.000000,-0.000000
frame 19
rota 0.974984,0.034929,0.219513,0.000000
rota -0.010338,0.993633,-0.112189,0.000000
rota -0.222034,0.107113,0.969138,0.000000
rota 0.000000,0.000000,0.000000,1.000000
scale 1.000000,1.000000,1.000000
trans -0.000000,0.000000,-0.000000
frame 20
rota 0.976558,0.052621,0.208723,0.000000
rota -0.025620,0.991180,-0.130020,0.000000
rota -0.213724,0.121624,0.969293,0.000000
rota 0.000000,0.000000,0.000000,1.000000
scale 1.000000,1.000000,1.000000
trans -0.000000,0.000000,-0.000000
frame 21
rota 0.978861,0.063278,0.194490,0.000000
rota -0.033161,0.987456,-0.154372,0.000000
rota -0.201818,0.144660,0.968681,0.000000
rota 0.000000,0.000000,0.000000,1.000000
scale 1.000000,1.000000,1.000000
trans 0.000000,0.000000,-0.000000
frame 22
rota 0.975514,0.086965,0.202012,0.000000
rota -0.043030,0.976220,-0.212469,0.000000
rota -0.215685,0.198574,0.956059,0.000000
rota 0.000000,0.000000,0.000000,1.000000
scale 1.000001,1.000000,1.000000
trans 0.000000,0.000000,-0.000000
frame 23
rota 0.975389,0.111757,0.190071,0.000000
rota -0.060420,0.964508,-0.257050,0.000000
rota -0.212052,0.239239,0.947522,0.000000
rota 0.000000,0.000000,0.000000,1.000000
scale 1.000000,0.999999,0.999999
trans 0.000000,0.000000,-0.000000
frame 24
rota 0.975411,0.124776,0.181674,0.000000
rota -0.098206,0.984014,-0.148568,0.000000
rota -0.197307,0.127073,0.972071,0.000000
rota 0.000000,0.000000,0.000000,1.000000
scale 1.000001,1.000000,1.000000
trans 0.000000,0.000000,-0.000000
frame 25
rota 0.977359,0.135507,0.162503,0.000000
rota -0.126508,0.989863,-0.064548,0.000000
rota -0.169603,0.042529,0.984594,0.000000
rota 0.000000,0.000000,0.000000,1.000000
scale 1.000000,1.000000,1.000000
trans -0.000000,0.000000,-0.000000
frame 26
rota 0.977247,0.142273,0.157310,0.000000
rota -0.149430,0.988167,0.034582,0.000000
rota -0.150528,-0.057302,0.986944,0.000000
rota 0.000000,0.000000,0.000000,1.000000
scale 1.000000,1.000000,1.000000
trans -0.000000,0.000000,-0.000000
frame 27
rota 0.980169,0.134228,0.145781,0.000000
rota -0.154226,0.978652,0.135851,0.000000
rota -0.124434,-0.155640,0.979945,0.000000
rota 0.000000,0.000000,0.000000,1.000000
scale 1.000001,1.000000,1.000000
trans -0.000000,0.000000,-0.000000
frame 28
rota 0.984703,0.114461,0.131376,0.000000
rota -0.142941,0.961815,0.233409,0.000000
rota -0.099644,-0.248618,0.963463,0.000000
rota 0.000000,0.000000,0.000000,1.000000
scale 1.000001,1.000000,1.000000
trans -0.000000,0.000000,-0.000000
frame 29
rota 0.987183,0.091116,0.131027,0.000000
rota -0.129944,0.935539,0.328452,0.000000
rota -0.092653,-0.341268,0.935388,0.000000
rota 0.000000,0.000000,0.000000,1.000000
scale 1.000000,0.999999,1.000000
trans -0.000000,0.000000,-0.000000

frame 0
rota 0.999791,0.016767,0.011674,0.000000
rota 0.000478,0.552039,-0.833818,0.000000
rota -0.020425,0.833650,0.551916,0.000000
rota 0.000000,0.000000,0.000000,1.000000
scale 1.000000,1.000000,1.000000
trans 0.000000,0.000000,-0.000000
frame 1
rota 0.998020,0.040804,0.047862,0.000000
rota 0.006835,0.686114,-0.727462,0.000000
rota -0.062522,0.726349,0.684477,0.000000
rota 0.000000,0.000000,0.000000,1.000000
scale 1.000000,1.000000,1.000000
trans 0.000000,0.000000,-0.000000
frame 2
rota 0.996357,0.044023,0.073042,0.000000
rota 0.007414,0.808514,-0.588431,0.000000
rota -0.084960,0.586829,0.805242,0.000000
rota 0.000000,0.000000,0.000000,1.000000
scale 1.000000,1.000000,1.000000
trans -0.000000,-0.000000,-0.000000
frame 3
rota 0.997054,0.032651,0.069404,0.000000
rota 0.000673,0.901106,-0.433598,0.000000
rota -0.076698,0.432367,0.898430,0.000000
rota 0.000000,0.000000,0.000000,1.000000
scale 1.000000,1.000000,1.000000
trans -0.000000,-0.000000,-0.000000
frame 4
rota 0.998009,0.032665,0.053959,0.000000
rota -0.014246,0.950084,-0.311668,0.000000
rota -0.061446,0.310279,0.948658,0.000000
rota 0.000000,0.000000,0.000000,1.000000
scale 1.000000,1.000000,1.000000
trans -0.000000,0.000000,-0.000000
frame 5
rota 0.998629,0.040046,0.033716,0.000000
rota -0.028460,0.955873,-0.292400,0.000000
rota -0.043938,0.291039,0.955702,0.000000
rota 0.000000,0.000000,0.000000,1.000000
scale 1.000000,1.000000,1.000000
trans -0.000000,-0.000000,-0.000000
frame 6
rota 0.999556,0.029735,-0.001908,0.000000
rota -0.028637,0.941035,-0.337096,0.000000
rota -0.008228,0.337001,0.941468,0.000000
rota 0.000000,0.000000,0.000000,1.000000
scale 1.000000,1.000000,1.000000
trans -0.000000,0.000000,-0.000000
frame 7
rota 0.999280,0.006408,-0.037390,0.000000
rota -0.019943,0.927176,-0.374094,0.000000
rota 0.032270,0.374571,0.926637,0.000000
rota 0.000000,0.000000,0.000000,1.000000
scale 1.000000,1.000000,1.000000
trans -0.000000,-0.000000,-0.000000
frame 8
rota 0.996076,-0.027262,-0.084194,0.000000
rota -0.013320,0.894349,-0.447171,0.000000
rota 0.087490,0.446538,0.890477,0.000000
rota 0.000000,0.000000,0.000000,1.000000
scale 1.000000,1.000000,0.999999
trans -0.000000,0.000000,-0.000000
frame 9
rota 0.997267,-0.030749,-0.067184,0.000000
rota -0.006928,0.866367,-0.499359,0.000000
rota 0.073561,0.498460,0.863786,0.000000
rota 0.000000,0.000000,0.000000,1.000000
scale 1.000000,1.000001,0.999999
trans -0.000000,-0.000000,-0.000000
frame 10
rota 0.997764,-0.037556,-0.055290,0.000000
rota -0.002192,0.808378,-0.588660,0.000000
rota 0.066803,0.587465,0.806488,0.000000
rota 0.000000,0.000000,0.000000,1.000000
scale 1.000000,1.000000,1.000000
trans 0.000000,-0.000000,-0.000000
frame 11
rota 0.997622,-0.037461,-0.057857,0.000000
rota -0.005003,0.797843,-0.602844,0.000000
rota 0.068744,0.601700,0.795758,0.000000
rota 0.000000,0.000000,0.000000,1.000000
scale 1.000000,1.000000,1.000000
trans -0.000000,-0.000000,-0.000000
frame 12
rota 0.996959,-0.035208,-0.069522,0.000000
rota -0.009820,0.828251,-0.560271,0.000000
rota 0.077308,0.559250,0.825387,0.000000
rota 0.000000,0.000000,0.000000,1.000000
scale 1.000000,1.000000,1.000000
trans -0.000000,0.000000,-0.000000
frame 13
rota 0.993495,-0.044067,-0.105006,0.000000
rota -0.013286,0.870943,-0.491205,0.000000
rota 0.113100,0.489405,0.864691,0.000000
rota 0.000000,0.000000,0.000000,1.000000
scale 1.000000,1.000000,1.000000
trans -0.000000,-0.000000,-0.000000
frame 14
rota 0.986942,-0.050082,-0.153089,0.000000
rota -0.016222,0.914695,-0.403819,0.000000
rota 0.160254,0.401029,0.901939,0.000000
rota 0.000000,0.000000,0.000000,1.000000
scale 0.999999,1.000001,1.000000
trans -0.000000,0.000000,-0.000000
frame 15
rota 0.978650,-0.052528,-0.198706,0.000000
rota -0.016472,0.943637,-0.330573,0.000000
rota 0.204871,0.326788,0.922625,0.000000
rota 0.000000,0.000000,0.000000,1.000000
scale 1.000000,1.000000,1.000000
trans 0.000000,0.000000,-0.000000
frame 16
rota 0.967977,-0.059065,-0.243990,0.000000
rota -0.007774,0.964407,-0.264307,0.000000
rota 0.250918,0.257740,0.933065,0.000000
rota 0.000000,0.000000,0.000000,1.000000
scale 1.000000,1.000000,1.000000
trans -0.000000,0.000000,-0.000000
frame 17
rota 0.954962,-0.062096,-0.290157,0.000000
rota 0.000006,0.977862,-0.209252,0.000000
rota 0.296728,0.199826,0.933821,0.000000
rota 0.000000,0.000000,0.000000,1.000000
scale 1.000000,1.000000,1.000000
trans 0.000000,0.000000,-0.000000
frame 18
rota 0.942068,-0.078929,-0.326004,0.000000
rota 0.011289,0.978830,-0.204364,0.000000
rota 0.335233,0.188844,0.923015,0.000000
rota 0.000000,0.000000,0.000000,1.000000
scale 1.000000,1.000000,1.000000
trans -0.000000,0.000000,-0.000000
frame 19
rota 0.931621,-0.114786,-0.344828,0.000000
rota 0.019134,0.962988,-0.268863,0.000000
rota 0.362927,0.243881,0.899337,0.000000
rota 0.000000,0.000000,0.000000,1.000000
scale 1.000000,1.000000,1.000000
trans -0.000000,0.000000,-0.000000
frame 20
rota 0.929359,-0.146092,-0.339042,0.000000
rota 0.017357,0.934645,-0.355159,0.000000
rota 0.368770,0.324185,0.871156,0.000000
rota 0.000000,0.000000,0.000000,1.000000
scale 1.000000,1.000000,1.000000
trans -0.000000,0.000000,-0.000000
frame 21
rota 0.930777,-0.149777,-0.333498,0.000000
rota -0.003023,0.909041,-0.416696,0.000000
rota 0.365575,0.388859,0.845662,0.000000
rota 0.000000,0.000000,0.000000,1.000000
scale 1.000000,1.000000,1.000000
trans -0.000000,0.000000,-0.000000
frame 22
rota 0.925005,-0.130873,-0.356704,0.000000
rota -0.030831,0.909858,-0.413773,0.000000
rota 0.378701,0.393740,0.837588,0.000000
rota 0.000000,0.000000,0.000000,1.000000
scale 0.999999,1.000000,1.000000
trans -0.000000,0.000000,-0.000000
frame 23
rota 0.933232,-0.107073,-0.342949,0.000000
rota -0.047563,0.909336,-0.413335,0.000000
rota 0.356113,0.402049,0.843529,0.000000
rota 0.000000,0.000000,0.000000,1.000000
scale 1.000000,1.000000,1.000000
trans 0.000000,-0.000000,-0.000000
frame 24
rota 0.957568,-0.122486,-0.260885,0.000000
rota -0.078342,0.760493,-0.644603,0.000000
rota 0.277356,0.637689,0.718628,0.000000
rota 0.000000,0.000000,0.000000,1.000000
scale 1.000000,1.000000,1.000000
trans -0.000000,-0.000000,-0.000000
frame 25
rota 0.984426,-0.073679,-0.159615,0.000000
rota -0.076657,0.637168,-0.766904,0.000000
rota 0.158206,0.767196,0.621596,0.000000
rota 0.000000,0.000000,0.000000,1.000000
scale 1.000000,1.000000,1.000000
trans -0.000000,0.000000,-0.000000
frame 26
rota 0.994745,-0.030161,-0.097837,0.000000
rota -0.069019,0.508274,-0.858425,0.000000
rota 0.075619,0.860667,0.503522,0.000000
rota 0.000000,0.000000,0.000000,1.000000
scale 1.000000,1.000000,1.000000
trans 0.000000,-0.000000,-0.000000
frame 27
rota 0.995673,-0.041361,-0.083213,0.000000
rota -0.058962,0.410924,-0.909760,0.000000
rota 0.071823,0.910730,0.406708,0.000000
rota 0.000000,0.000000,0.000000,1.000000
scale 1.000000,1.000000,1.000000
trans -0.000000,0.000000,-0.000000
frame 28
rota 0.996078,-0.052657,-0.071110,0.000000
rota -0.046231,0.375536,-0.925654,0.000000
rota 0.075447,0.925311,0.371628,0.000000
rota 0.000000,0.000000,0.000000,1.000000
scale 1.000000,1.000000,1.000000
trans -0.000000,0.000000,-0.000000
frame 29
rota 0.998545,-0.028228,-0.045945,0.000000
rota -0.031200,0.392501,-0.919222,0.000000
rota 0.043981,0.919319,0.391049,0.000000
rota 0.000000,0.000000,0.000000,1.000000
scale 1.000000,1.000000,1.000000
trans 0.000000,-0.000000,-0.000000

frame 0
rota 0.999891,-0.013389,0.006297,0.000000
rota 0.013012,0.998320,0.056454,0.000000
rota -0.007042,-0.056366,0.998385,0.000000
rota 0.000000,0.000000,0.000000,1.000000
scale 1.000000,1.000000,1.000000
trans 0.000000,0.000000,-0.000000
frame 1
rota 0.999983,-0.000575,0.005879,0.000000
rota 0.000064,0.996246,0.086563,0.000000
rota -0.005906,-0.086561,0.996229,0.000000
rota 0.000000,0.000000,0.000000,1.000000
scale 1.000000,1.000000,1.000000
trans 0.000000,0.000000,-0.000000
frame 2
rota 0.999762,0.020897,0.006225,0.000000
rota -0.021373,0.995703,0.090109,0.000000
rota -0.004315,-0.090221,0.995912,0.000000
rota 0.000000,0.000000,0.000000,1.000000
scale 1.000000,1.000000,1.000000
trans -0.000000,0.000000,-0.000000
frame 3
rota 0.999350,0.035532,0.006060,0.000000
rota -0.035780,0.998232,0.047452,0.000000
rota -0.004363,-0.047638,0.998855,0.000000
rota 0.000000,0.000000,0.000000,1.000000
scale 1.000000,0.999999,1.000000
trans -0.000000,0.000000,-0.000000
frame 4
rota 0.999774,0.020419,0.005976,0.000000
rota -0.020521,0.999634,0.017613,0.000000
rota -0.005615,-0.017732,0.999827,0.000000
rota 0.000000,0.000000,0.000000,1.000000
scale 1.000000,1.000000,1.000000
trans -0.000000,0.000000,-0.000000
frame 5
rota 0.999953,-0.007930,0.005660,0.000000
rota 0.007654,0.998854,0.047243,0.000000
rota -0.006028,-0.047197,0.998867,0.000000
rota 0.000000,0.000000,0.000000,1.000000
scale 1.000000,1.000000,1.000000
trans -0.000000,0.000000,-0.000000
frame 6
rota 0.999839,-0.017133,0.005338,0.000000
rota 0.016392,0.993008,0.116904,0.000000
rota -0.007304,-0.116797,0.993129,0.000000
rota 0.000000,0.000000,0.000000,1.000000
scale 1.000000,1.000000,1.000000
trans 0.000000,0.000000,-0.000000
frame 7
rota 0.999811,0.018381,0.006381,0.000000
rota -0.019041,0.991773,0.126584,0.000000
rota -0.004002,-0.126681,0.991935,0.000000
rota 0.000000,0.000000,0.000000,1.000000
scale 1.000000,1.000000,0.999999
trans -0.000000,0.000000,-0.000000
frame 8
rota 0.999742,0.022365,0.003969,0.000000
rota -0.022541,0.998412,0.051623,0.000000
rota -0.002808,-0.051700,0.998659,0.000000
rota 0.000000,0.000000,0.000000,1.000000
scale 1.000000,1.000000,1.000000
trans 0.000000,0.000000,-0.000000
frame 9
rota 0.999909,0.013213,0.002734,0.000000
rota -0.012879,0.995033,-0.098707,0.000000
rota -0.004025,0.098663,0.995113,0.000000
rota 0.000000,0.000000,0.000000,1.000000
scale 1.000000,1.000000,1.000000
trans -0.000000,0.000000,-0.000000
frame 10
rota 0.999621,0.027173,0.004456,0.000000
rota -0.027194,0.999619,0.004646,0.000000
rota -0.004328,-0.004765,0.999979,0.000000
rota 0.000000,0.000000,0.000000,1.000000
scale 1.000000,0.999999,1.000000
trans 0.000000,-0.000000,-0.000000
frame 11
rota 0.999369,0.034754,0.007344,0.000000
rota -0.035255,0.995738,0.085226,0.000000
rota -0.004351,-0.085431,0.996335,0.000000
rota 0.000000,0.000000,0.000000,1.000000
scale 1.000000,1.000000,1.000000
trans 0.000000,0.000000,-0.000000
frame 12
rota 0.999186,0.039260,0.009294,0.000000
rota -0.040137,0.990669,0.130243,0.000000
rota -0.004094,-0.130510,0.991439,0.000000
rota 0.000000,0.000000,0.000000,1.000000
scale 1.000000,1.000000,1.000000
trans 0.000000,0.000000,-0.000000
frame 13
rota 0.998816,0.047455,0.010748,0.000000
rota -0.048550,0.986618,0.155652,0.000000
rota -0.003217,-0.155990,0.987753,0.000000
rota 0.000000,0.000000,0.000000,1.000000
scale 1.000000,1.000000,1.000000
trans 0.000000,0.000000,-0.000000
frame 14
rota 0.997689,0.066831,0.012258,0.000000
rota -0.067943,0.982840,0.171492,0.000000
rota -0.000587,-0.171928,0.985109,0.000000
rota 0.000000,0.000000,0.000000,1.000000
scale 1.000000,1.000000,1.000000
trans -0.000000,0.000000,-0.000000
frame 15
rota 0.997293,0.072346,0.013172,0.000000
rota -0.073534,0.982366,0.171901,0.000000
rota -0.000503,-0.172405,0.985026,0.000000
rota 0.000000,0.000000,0.000000,1.000000
scale 1.000000,1.000000,1.000000
trans 0.000000,0.000000,-0.000000
frame 16
rota 0.997241,0.072662,0.015217,0.000000
rota -0.074223,0.980053,0.184354,0.000000
rota -0.001518,-0.184975,0.982742,0.000000
rota 0.000000,0.000000,0.000000,1.000000
scale 1.000000,1.000000,1.000000
trans -0.000000,0.000000,-0.000000
frame 17
rota 0.996471,0.081603,0.019634,0.000000
rota -0.083922,0.972339,0.217977,0.000000
rota -0.001303,-0.218856,0.975756,0.000000
rota 0.000000,0.000000,0.000000,1.000000
scale 1.000000,1.000000,1.000000
trans -0.000000,0.000000,-0.000000
frame 18
rota 0.995481,0.091447,0.025582,0.000000
rota -0.094950,0.962037,0.255870,0.000000
rota -0.001212,-0.257143,0.966373,0.000000
rota 0.000000,0.000000,0.000000,1.000000
scale 1.000000,1.000000,1.000000
trans 0.000000,0.000000,-0.000000
frame 19
rota 0.993761,0.107218,0.030708,0.000000
rota -0.111528,0.956435,0.269803,0.000000
rota -0.000442,-0.271545,0.962426,0.000000
rota 0.000000,0.000000,0.000000,1.000000
scale 1.000000,1.000000,1.000000
trans -0.000000,0.000000,-0.000000
frame 20
rota 0.991974,0.122005,0.033199,0.000000
rota -0.126438,0.958928,0.253909,0.000000
rota -0.000857,-0.256069,0.966658,0.000000
rota 0.000000,0.000000,0.000000,1.000000
scale 1.000000,1.000000,1.000000
trans -0.000000,0.000000,-0.000000
frame 21
rota 0.991931,0.122887,0.031166,0.000000
rota -0.126709,0.969039,0.211916,0.000000
rota -0.004160,-0.214155,0.976791,0.000000
rota 0.000000,0.000000,0.000000,1.000000
scale 1.000000,1.000000,1.000000
trans 0.000000,0.000000,-0.000000
frame 22
rota 0.993498,0.111090,0.024928,0.000000
rota -0.113674,0.980130,0.162553,0.000000
rota -0.006375,-0.164329,0.986385,0.000000
rota 0.000000,0.000000,0.000000,1.000000
scale 1.000000,1.000000,1.000000
trans 0.000000,0.000000,-0.000000
frame 23
rota 0.994518,0.103546,0.014589,0.000000
rota -0.104498,0.989252,0.102278,0.000000
rota -0.003841,-0.103242,0.994649,0.000000
rota 0.000000,0.000000,0.000000,1.000000
scale 1.000000,1.000000,1.000000
trans -0.000000,0.000000,-0.000000
frame 24
rota 0.992824,0.119532,-0.003642,0.000000
rota -0.119586,0.992220,-0.034609,0.000000
rota -0.000524,0.034796,0.999394,0.000000
rota 0.000000,0.000000,0.000000,1.000000
scale 1.000000,1.000000,1.000000
trans -0.000000,0.000000,-0.000000
frame 25
rota 0.996672,0.079946,-0.015929,0.000000
rota -0.081424,0.985703,-0.147514,0.000000
rota 0.003908,0.148320,0.988932,0.000000
rota 0.000000,0.000000,0.000000,1.000000
scale 1.000000,1.000000,1.000000
trans -0.000000,0.000000,-0.000000
frame 26
rota 0.989620,0.140094,-0.032035,0.000000
rota -0.143367,0.947018,-0.287408,0.000000
rota -0.009926,0.289017,0.957273,0.000000
rota 0.000000,0.000000,0.000000,1.000000
scale 1.000000,1.000000,1.000000
trans -0.000000,0.000000,-0.000000
frame 27
rota 0.978962,0.200665,-0.036963,0.000000
rota -0.202992,0.939464,-0.276046,0.000000
rota -0.020667,0.277741,0.960434,0.000000
rota 0.000000,0.000000,0.000000,1.000000
scale 1.000000,1.000000,1.000000
trans 0.000000,-0.000000,-0.000000
frame 28
rota 0.981356,0.191145,-0.020099,0.000000
rota -0.191857,0.968004,-0.161740,0.000000
rota -0.011460,0.162581,0.986629,0.000000
rota 0.000000,0.000000,0.000000,1.000000
scale 1.000000,1.000000,1.000000
trans 0.000000,-0.000000,-0.000000
frame 29
rota 0.995881,0.090665,-0.000854,0.000000
rota -0.090575,0.994375,-0.054907,0.000000
rota -0.004129,0.054758,0.998491,0.000000
rota 0.000000,0.000000,0.000000,1.000000
scale 1.000000,1.000000,1.000000
trans -0.000000,0.000000,-0.000000

frame 0
rota 0.999953,-0.007248,-0.006499,0.000000
rota 0.007729,0.996979,0.077282,0.000000
rota 0.005919,-0.077328,0.996988,0.000000
rota 0.000000,0.000000,0.000000,1.000000
scale 1.000000,1.000000,1.000000
trans 0.000000,0.000000,-0.000000
frame 1
rota 0.995919,-0.068557,0.058690,0.000000
rota 0.062403,0.992934,0.100936,0.000000
rota -0.065195,-0.096862,0.993160,0.000000
rota 0.000000,0.000000,0.000000,1.000000
scale 0.999999,1.000000,0.999999
trans 0.000000,0.000000,-0.000000
frame 2
rota 0.999284,-0.032108,0.020002,0.000000
rota 0.030241,0.995704,0.087515,0.000000
rota -0.022726,-0.086847,0.995962,0.000000
rota 0.000000,0.000000,0.000000,1.000000
scale 1.000000,1.000000,1.000000
trans 0.000000,0.000000,-0.000000
frame 3
rota 0.999710,-0.022532,0.008515,0.000000
rota 0.021685,0.995792,0.089037,0.000000
rota -0.010485,-0.088826,0.995992,0.000000
rota 0.000000,0.000000,0.000000,1.000000
scale 1.000000,1.000000,1.000000
trans 0.000000,0.000000,-0.000000
frame 4
rota 0.997040,-0.060727,0.047145,0.000000
rota 0.055306,0.992520,0.108835,0.000000
rota -0.053402,-0.105906,0.992941,0.000000
rota 0.000000,0.000000,0.000000,1.000000
scale 0.999999,0.999999,1.000000
trans 0.000000,0.000000,-0.000000
frame 5
rota 0.992959,-0.092378,0.074152,0.000000
rota 0.081549,0.987108,0.137722,0.000000
rota -0.085919,-0.130705,0.987691,0.000000
rota 0.000000,0.000000,0.000000,1.000000
scale 1.000000,1.000000,1.000000
trans -0.000000,0.000000,-0.000000
frame 6
rota 0.995886,-0.077093,0.047621,0.000000
rota 0.067350,0.981325,0.180182,0.000000
rota -0.060622,-0.176233,0.982480,0.000000
rota 0.000000,0.000000,0.000000,1.000000
scale 1.000000,1.000000,1.000000
trans -0.000000,0.000000,-0.000000
frame 7
rota 0.995871,-0.083389,0.035891,0.000000
rota 0.071569,0.964355,0.254748,0.000000
rota -0.055855,-0.251127,0.966341,0.000000
rota 0.000000,0.000000,0.000000,1.000000
scale 1.000000,1.000000,1.000000
trans 0.000000,-0.000000,-0.000000
frame 8
rota 0.994429,-0.071991,0.076998,0.000000
rota 0.053742,0.974650,0.217184,0.000000
rota -0.090681,-0.211836,0.973089,0.000000
rota 0.000000,0.000000,0.000000,1.000000
scale 1.000000,1.000000,1.000000
trans 0.000000,0.000000,-0.000000
frame 9
rota 0.993825,-0.084067,0.072423,0.000000
rota 0.078212,0.993706,0.080199,0.000000
rota -0.078709,-0.074039,0.994144,0.000000
rota 0.000000,0.000000,0.000000,1.000000
scale 1.000000,1.000000,0.999999
trans 0.000000,0.000000,-0.000000
frame 10
rota 0.994854,-0.080261,0.061829,0.000000
rota 0.077137,0.995697,0.051361,0.000000
rota -0.065685,-0.046328,0.996764,0.000000
rota 0.000000,0.000000,0.000000,1.000000
scale 0.999999,1.000000,1.000000
trans 0.000000,0.000000,-0.000000
frame 11
rota 0.994016,-0.090226,0.061579,0.000000
rota 0.086697,0.994559,0.057763,0.000000
rota -0.066456,-0.052079,0.996429,0.000000
rota 0.000000,0.000000,0.000000,1.000000
scale 1.000000,1.000000,1.000000
trans 0.000000,0.000000,-0.000000
frame 12
rota 0.993798,-0.092283,0.062039,0.000000
rota 0.088241,0.993976,0.065006,0.000000
rota -0.067664,-0.059129,0.995955,0.000000
rota 0.000000,0.000000,0.000000,1.000000
scale 1.000000,1.000000,1.000000
trans -0.000000,0.000000,-0.000000
frame 13
rota 0.993812,-0.091719,0.062653,0.000000
rota 0.087560,0.993958,0.066184,0.000000
rota -0.068345,-0.060288,0.995838,0.000000
rota 0.000000,0.000000,0.000000,1.000000
scale 1.000000,1.000000,1.000000
trans 0.000000,0.000000,-0.000000
frame 14
rota 0.993869,-0.091502,0.062058,0.000000
rota 0.086511,0.993127,0.078834,0.000000
rota -0.068845,-0.072982,0.994954,0.000000
rota 0.000000,0.000000,0.000000,1.000000
scale 1.000000,1.000000,1.000000
trans 0.000000,0.000000,-0.000000
frame 15
rota 0.993934,-0.091735,0.060668,0.000000
rota 0.085495,0.991459,0.098488,0.000000
rota -0.069185,-0.092704,0.993287,0.000000
rota 0.000000,0.000000,0.000000,1.000000
scale 1.000000,1.000000,1.000000
trans -0.000000,-0.000000,-0.000000
frame 16
rota 0.994581,-0.087016,0.056892,0.000000
rota 0.080633,0.991068,0.106218,0.000000
rota -0.065627,-0.101055,0.992714,0.000000
rota 0.000000,0.000000,0.000000,1.000000
scale 1.000000,1.000000,1.000000
trans 0.000000,0.000000,-0.000000
frame 17
rota 0.993911,-0.092281,0.060206,0.000000
rota 0.085427,0.990485,0.107899,0.000000
rota -0.069591,-0.102099,0.992337,0.000000
rota 0.000000,0.000000,0.000000,1.000000
scale 1.000000,1.000000,1.000000
trans 0.000000,0.000000,-0.000000
frame 18
rota 0.993961,-0.092407,0.059175,0.000000
rota 0.084381,0.988415,0.126161,0.000000
rota -0.070148,-0.120406,0.990243,0.000000
rota 0.000000,0.000000,0.000000,1.000000
scale 1.000000,1.000000,1.000000
trans 0.000000,0.000000,-0.000000
frame 19
rota 0.994192,-0.092713,0.054654,0.000000
rota 0.080535,0.977762,0.193639,0.000000
rota -0.071391,-0.188113,0.979549,0.000000
rota 0.000000,0.000000,0.000000,1.000000
scale 1.000000,1.000000,1.000000
trans 0.000000,0.000000,-0.000000
frame 20
rota 0.994244,-0.095664,0.048234,0.000000
rota 0.076562,0.949361,0.304717,0.000000
rota -0.074942,-0.299270,0.951221,0.000000
rota 0.000000,0.000000,0.000000,1.000000
scale 1.000000,1.000000,1.000000
trans 0.000000,0.000000,-0.000000
frame 21
rota 0.994303,-0.099057,0.039353,0.000000
rota 0.072660,0.900049,0.429688,0.000000
rota -0.077983,-0.424381,0.902119,0.000000
rota 0.000000,0.000000,0.000000,1.000000
scale 1.000000,1.000000,1.000000
trans 0.000000,0.000000,-0.000000
frame 22
rota 0.994297,-0.102637,0.028961,0.000000
rota 0.076012,0.872540,0.482593,0.000000
rota -0.074801,-0.477639,0.875366,0.000000
rota 0.000000,0.000000,0.000000,1.000000
scale 1.000000,1.000000,1.000000
trans 0.000000,0.000000,-0.000000
frame 23
rota 0.995370,-0.091425,0.029677,0.000000
rota 0.069562,0.898223,0.434000,0.000000
rota -0.066335,-0.429926,0.900424,0.000000
rota 0.000000,0.000000,0.000000,1.000000
scale 1.000000,1.000000,1.000000
trans 0.000000,0.000000,-0.000000
frame 24
rota 0.994030,-0.107856,0.016481,0.000000
rota 0.092902,0.915884,0.390545,0.000000
rota -0.057217,-0.386682,0.920437,0.000000
rota 0.000000,0.000000,0.000000,1.000000
scale 1.000000,1.000000,1.000000
trans -0.000000,-0.000000,-0.000000
frame 25
rota 0.999024,-0.044180,-0.000078,0.000000
rota 0.043130,0.974885,0.218494,0.000000
rota -0.009577,-0.218284,0.975838,0.000000
rota 0.000000,0.000000,0.000000,1.000000
scale 1.000000,1.000000,1.000000
trans 0.000000,0.000000,-0.000000
frame 26
rota 0.997524,-0.068754,-0.014770,0.000000
rota 0.070190,0.986318,0.149165,0.000000
rota 0.004312,-0.149832,0.988702,0.000000
rota 0.000000,0.000000,0.000000,1.000000
scale 1.000000,1.000000,1.000000
trans 0.000000,0.000000,-0.000000
frame 27
rota 0.991520,-0.129346,0.012569,0.000000
rota 0.127541,0.987092,0.096862,0.000000
rota -0.024936,-0.094437,0.995218,0.000000
rota 0.000000,0.000000,0.000000,1.000000
scale 1.000000,1.000000,1.000000
trans -0.000000,0.000000,-0.000000
frame 28
rota 0.989534,-0.140688,0.032094,0.000000
rota 0.138348,0.988171,0.066169,0.000000
rota -0.041024,-0.061036,0.997292,0.000000
rota 0.000000,0.000000,0.000000,1.000000
scale 1.000000,1.000000,1.000000
trans 0.000000,-0.000000,-0.000000
frame 29
rota 0.997899,-0.064748,0.002254,0.000000
rota 0.064378,0.994897,0.077691,0.000000
rota -0.007273,-0.077383,0.996975,0.000000
rota 0.000000,0.000000,0.000000,1.000000
scale 1.000000,1.000000,1.000000
trans 0.000000,0.000000,-0.000000

frame 0
rota 1.000000,0.000000,0.000000,0.000000
rota 0.000000,1.000000,-0.000000,0.000000
rota -0.000000,0.000000,1.000000,0.000000
rota 0.000000,0.000000,0.000000,1.000000
scale 1.000000,1.000000,1.000000
trans 0.000000,0.000000,-0.000000
frame 1
rota 1.000000,0.000000,-0.000000,0.000000
rota -0.000000,1.000000,0.000000,0.000000
rota 0.000000,0.000000,1.000000,0.000000
rota 0.000000,0.000000,0.000000,1.000000
scale 1.000000,1.000000,1.000000
trans 0.000000,-0.000000,-0.000000
frame 2
rota 1.000000,0.000000,0.000000,0.000000
rota 0.000000,1.000000,0.000000,0.000000
rota 0.000000,0.000000,1.000000,0.000000
rota 0.000000,0.000000,0.000000,1.000000
scale 1.000000,1.000000,1.000000
trans -0.000000,-0.000000,-0.000000
frame 3
rota 1.000000,0.000000,0.000000,0.000000
rota 0.000000,1.000000,-0.000000,0.000000
rota -0.000000,0.000000,1.000000,0.000000
rota 0.000000,0.000000,0.000000,1.000000
scale 1.000000,1.000000,1.000000
trans -0.000000,-0.000000,-0.000000
frame 4
rota 1.000000,0.000000,0.000000,0.000000
rota 0.000000,1.000000,0.000000,0.000000
rota 0.000000,0.000000,1.000000,0.000000
rota 0.000000,0.000000,0.000000,1.000000
scale 1.000000,1.000000,1.000000
trans -0.000000,0.000000,-0.000000
frame 5
rota 1.000000,0.000000,-0.000000,0.000000
rota -0.000000,1.000000,0.000000,0.000000
rota 0.000000,0.000000,1.000000,0.000000
rota 0.000000,0.000000,0.000000,1.000000
scale 1.000000,1.000000,1.000000
trans -0.000000,-0.000000,-0.000000
frame 6
rota 1.000000,0.000000,0.000000,0.000000
rota 0.000000,1.000000,0.000000,0.000000
rota 0.000000,0.000000,1.000000,0.000000
rota 0.000000,0.000000,0.000000,1.000000
scale 1.000000,1.000000,1.000000
trans 0.000000,-0.000000,-0.000000
frame 7
rota 1.000000,0.000000,0.000000,0.000000
rota 0.000000,1.000000,0.000000,0.000000
rota 0.000000,0.000000,1.000000,0.000000
rota 0.000000,0.000000,0.000000,1.000000
scale 1.000000,1.000000,1.000000
trans -0.000000,0.000000,-0.000000
frame 8
rota 1.000000,0.000000,0.000000,0.000000
rota 0.000000,1.000000,-0.000000,0.000000
rota -0.000000,0.000000,1.000000,0.000000
rota 0.000000,0.000000,0.000000,1.000000
scale 1.000000,1.000000,1.000000
trans 0.000000,0.000000,-0.000000
frame 9
rota 1.000000,0.000000,0.000000,0.000000
rota 0.000000,1.000000,0.000000,0.000000
rota 0.000000,0.000000,1.000000,0.000000
rota 0.000000,0.000000,0.000000,1.000000
scale 1.000000,1.000000,1.000000
trans 0.000000,-0.000000,-0.000000
frame 10
rota 1.000000,0.000000,-0.000000,0.000000
rota -0.000000,1.000000,0.000000,0.000000
rota 0.000000,0.000000,1.000000,0.000000
rota 0.000000,0.000000,0.000000,1.000000
scale 1.000000,1.000000,1.000000
trans -0.000000,-0.000000,-0.000000
frame 11
rota 1.000000,0.000000,0.000000,0.000000
rota -0.000000,1.000000,0.000000,0.000000
rota 0.000000,-0.000000,1.000000,0.000000
rota 0.000000,0.000000,0.000000,1.000000
scale 1.000000,1.000000,1.000000
trans -0.000000,-0.000000,-0.000000
frame 12
rota 1.000000,0.000000,-0.000000,0.000000
rota -0.000000,1.000000,0.000000,0.000000
rota 0.000000,0.000000,1.000000,0.000000
rota 0.000000,0.000000,0.000000,1.000000
scale 1.000000,1.000000,1.000000
trans 0.000000,-0.000000,-0.000000
frame 13
rota 1.000000,0.000000,0.000000,0.000000
rota -0.000000,1.000000,0.000000,0.000000
rota 0.000000,-0.000000,1.000000,0.000000
rota 0.000000,0.000000,0.000000,1.000000
scale 1.000000,1.000000,1.000000
trans -0.000000,-0.000000,-0.000000
frame 14
rota 1.000000,0.000000,-0.000000,0.000000
