xof 0303txt 0032

template XSkinMeshHeader {
  <3cf169ce-ff7c-44ab-93c0-f78f62d172e2>
  WORD nMaxSkinWeightsPerVertex;
  WORD nMaxSkinWeightsPerFace;
  WORD nBones;
}

template SkinWeights {
  <6f0d123b-bad2-4167-a0d0-80224f25fabb>
  STRING transformNodeName;
  DWORD nWeights;
  array DWORD vertexIndices[nWeights];
  array float weights[nWeights];
  Matrix4x4 matrixOffset;
}

Frame Root {
  FrameTransformMatrix {
     1.000000, 0.000000, 0.000000, 0.000000,
     0.000000,-0.000000, 1.000000, 0.000000,
     0.000000, 1.000000, 0.000000, 0.000000,
     0.000000, 0.000000, 0.000000, 1.000000;;
  }
  Frame Armature {
    FrameTransformMatrix {
       0.010000, 0.000000, 0.000000, 0.000000,
       0.000000,-0.000000, 0.010000, 0.000000,
       0.000000,-0.010000,-0.000000, 0.000000,
       0.000000, 0.000000, 0.000000, 1.000000;;
    }
    Frame Armature_mixamorig_Hips {
      FrameTransformMatrix {
         0.998079,-0.038192,-0.048789, 0.000000,
         0.039010, 0.999112, 0.015924, 0.000000,
         0.048137,-0.017796, 0.998682, 0.000000,
         0.031295,101.661964, 1.536467, 1.000000;;
      }
      Frame Armature_mixamorig_LeftUpLeg {
        FrameTransformMatrix {
           0.987462, 0.070513,-0.141234, 0.000000,
          -0.124921, 0.896035,-0.426048, 0.000000,
           0.096509, 0.438349, 0.893609, 0.000000,
           8.207782,-6.751695,-1.599560, 1.000000;;
        }
        Frame Armature_mixamorig_LeftLeg {
          FrameTransformMatrix {
             0.999792,-0.007723, 0.018866, 0.000000,
            -0.013493, 0.442993, 0.896424, 0.000000,
            -0.015281,-0.896492, 0.442797, 0.000000,
             0.000000,-44.370476, 0.284642, 1.000000;;
          }
          Frame Armature_mixamorig_LeftFoot {
            FrameTransformMatrix {
               0.999740,-0.021835,-0.006545, 0.000000,
               0.021724, 0.999627,-0.016533, 0.000000,
               0.006903, 0.016387, 0.999842, 0.000000,
               0.000000,-44.427879,-2.982190, 1.000000;;
            }
            Frame Armature_mixamorig_LeftToeBase {
              FrameTransformMatrix {
                 0.999387, 0.016535, 0.030864, 0.000000,
                -0.014710, 0.998182,-0.058456, 0.000000,
                -0.031775, 0.057966, 0.997813, 0.000000,
                -0.000003,-8.728668,10.710558, 1.000000;;
              }
              Frame Armature_mixamorig_LeftToe_End {
                FrameTransformMatrix {
                   1.000000,-0.000000,-0.000000, 0.000000,
                  -0.000000, 1.000000, 0.000000, 0.000000,
                  -0.000000, 0.000000, 1.000000, 0.000000,
                  -0.000003,-0.000677, 9.278137, 1.000000;;
                }
              } // End of Armature_mixamorig_LeftToe_End
            } // End of Armature_mixamorig_LeftToeBase
          } // End of Armature_mixamorig_LeftFoot
        } // End of Armature_mixamorig_LeftLeg
      } // End of Armature_mixamorig_LeftUpLeg
      Frame Armature_mixamorig_RightUpLeg {
        FrameTransformMatrix {
           0.986132, 0.089743, 0.139608, 0.000000,
          -0.056432, 0.972385,-0.226459, 0.000000,
          -0.156076, 0.215440, 0.963964, 0.000000,
          -8.207797,-6.751648,-1.599560, 1.000000;;
        }
        Frame Armature_mixamorig_RightLeg {
          FrameTransformMatrix {
             0.990656, 0.050018,-0.126883, 0.000000,
             0.000879, 0.927964, 0.372669, 0.000000,
             0.136383,-0.369299, 0.919249, 0.000000,
             0.000001,-44.370537, 0.286155, 1.000000;;
          }
          Frame Armature_mixamorig_RightFoot {
            FrameTransformMatrix {
               0.997152,-0.075361, 0.002993, 0.000000,
               0.074804, 0.983161,-0.166728, 0.000000,
               0.009622, 0.166477, 0.985998, 0.000000,
               0.000001,-44.427734,-2.983789, 1.000000;;
            }
            Frame Armature_mixamorig_RightToeBase {
              FrameTransformMatrix {
                 0.999880, 0.011146, 0.010736, 0.000000,
                -0.010189, 0.996292,-0.085431, 0.000000,
                -0.011649, 0.085311, 0.996286, 0.000000,
                -0.000002,-8.728670,10.710559, 1.000000;;
              }
              Frame Armature_mixamorig_RightToe_End {
                FrameTransformMatrix {
                   1.000000, 0.000000,-0.000000, 0.000000,
                  -0.000000, 1.000000, 0.000000, 0.000000,
                   0.000000,-0.000000, 1.000000, 0.000000,
                  -0.000002,-0.000675, 9.278119, 1.000000;;
                }
              } // End of Armature_mixamorig_RightToe_End
            } // End of Armature_mixamorig_RightToeBase
          } // End of Armature_mixamorig_RightFoot
        } // End of Armature_mixamorig_RightLeg
      } // End of Armature_mixamorig_RightUpLeg
      Frame Armature_mixamorig_Spine {
        FrameTransformMatrix {
           0.999845, 0.016869,-0.004952, 0.000000,
          -0.016853, 0.999852, 0.003388, 0.000000,
           0.005009,-0.003304, 0.999982, 0.000000,
           0.000009,10.181584, 0.131521, 1.000000;;
        }
        Frame Armature_mixamorig_Spine1 {
          FrameTransformMatrix {
             0.999889, 0.008754,-0.012026, 0.000000,
            -0.008672, 0.999939, 0.006824, 0.000000,
             0.012085,-0.006719, 0.999904, 0.000000,
             0.000001,10.083445,-1.000804, 1.000000;;
          }
          Frame Armature_mixamorig_Spine2 {
            FrameTransformMatrix {
               0.999889, 0.008754,-0.012026, 0.000000,
              -0.008672, 0.999939, 0.006824, 0.000000,
               0.012085,-0.006719, 0.999904, 0.000000,
               0.000000, 9.099992,-1.373417, 1.000000;;
            }
            Frame Armature_mixamorig_LeftShoulder {
              FrameTransformMatrix {
                 0.926040,-0.289995, 0.241564, 0.000000,
                 0.278161, 0.956984, 0.082516, 0.000000,
                -0.255102,-0.009220, 0.966870, 0.000000,
                 4.570446,10.945975,-2.627988, 1.000000;;
              }
              Frame Armature_mixamorig_LeftArm {
                FrameTransformMatrix {
                   0.630000,-0.776518, 0.010926, 0.000000,
                   0.768373, 0.621227,-0.153884, 0.000000,
                   0.112706, 0.105342, 0.988029, 0.000000,
                  10.592377,-0.524570,-2.232119, 1.000000;;
                }
                Frame Armature_mixamorig_LeftForeArm {
                  FrameTransformMatrix {
                     0.845279,-0.248261, 0.473149, 0.000000,
                     0.075126, 0.931930, 0.354771, 0.000000,
                    -0.529018,-0.264334, 0.806392, 0.000000,
                    27.841516,-0.000092, 0.000037, 1.000000;;
                  }
                  Frame Armature_mixamorig_LeftHand {
                    FrameTransformMatrix {
                       0.958283, 0.177760, 0.223821, 0.000000,
                      -0.239091, 0.927636, 0.286928, 0.000000,
                      -0.156620,-0.328472, 0.931438, 0.000000,
                      18.283220,-0.000014, 0.000049, 1.000000;;
                    }
                    Frame Armature_mixamorig_LeftHandIndex1 {
                      FrameTransformMatrix {
                         0.727964,-0.682360, 0.066726, 0.000000,
                         0.682350, 0.730545, 0.026507, 0.000000,
                        -0.066834, 0.026235, 0.997419, 0.000000,
                         9.109292,-0.517084, 2.260076, 1.000000;;
                      }
                      Frame Armature_mixamorig_LeftHandIndex2 {
                        FrameTransformMatrix {
                           0.133448,-0.985177, 0.107789, 0.000000,
                           0.988418, 0.140233, 0.058002, 0.000000,
                          -0.072258, 0.098800, 0.992480, 0.000000,
                           3.676406, 0.000000, 0.000023, 1.000000;;
                        }
                        Frame Armature_mixamorig_LeftHandIndex3 {
                          FrameTransformMatrix {
                             1.000000,-0.000000, 0.000000, 0.000000,
                             0.000000, 1.000000, 0.000000, 0.000000,
                             0.000000, 0.000000, 1.000000, 0.000000,
                             2.883067, 0.000044,-0.000049, 1.000000;;
                          }
                          Frame Armature_mixamorig_LeftHandIndex4 {
                            FrameTransformMatrix {
                               1.000000,-0.000000, 0.000000, 0.000000,
                               0.000000, 1.000000, 0.000000, 0.000000,
                               0.000000, 0.000000, 1.000000, 0.000000,
                               2.392721, 0.000024, 0.000027, 1.000000;;
                            }
                          } // End of Armature_mixamorig_LeftHandIndex4
                        } // End of Armature_mixamorig_LeftHandIndex3
                      } // End of Armature_mixamorig_LeftHandIndex2
                    } // End of Armature_mixamorig_LeftHandIndex1
                    Frame Armature_mixamorig_LeftHandMiddle1 {
                      FrameTransformMatrix {
                         0.442445,-0.881209, 0.166471, 0.000000,
                         0.891464, 0.452382, 0.025347, 0.000000,
                        -0.097645, 0.137188, 0.985721, 0.000000,
                         9.533396,-0.000027, 0.000011, 1.000000;;
                      }
                      Frame Armature_mixamorig_LeftHandMiddle2 {
                        FrameTransformMatrix {
                          -0.219207,-0.969537, 0.109302, 0.000000,
                           0.971331,-0.206293, 0.118152, 0.000000,
                          -0.092004, 0.132068, 0.986962, 0.000000,
                           3.698233, 0.000002, 0.000020, 1.000000;;
                        }
                        Frame Armature_mixamorig_LeftHandMiddle3 {
                          FrameTransformMatrix {
                             1.000000,-0.000000,-0.000000, 0.000000,
                            -0.000000, 1.000000,-0.000000, 0.000000,
                             0.000000,-0.000000, 1.000000, 0.000000,
                             2.950904,-0.000047, 0.000022, 1.000000;;
                          }
                          Frame Armature_mixamorig_LeftHandMiddle4 {
                            FrameTransformMatrix {
                               1.000000, 0.000000, 0.000000, 0.000000,
                               0.000000, 1.000000, 0.000000, 0.000000,
                               0.000000,-0.000000, 1.000000, 0.000000,
                               2.833900,-0.000037,-0.000013, 1.000000;;
                            }
                          } // End of Armature_mixamorig_LeftHandMiddle4
                        } // End of Armature_mixamorig_LeftHandMiddle3
                      } // End of Armature_mixamorig_LeftHandMiddle2
                    } // End of Armature_mixamorig_LeftHandMiddle1
                    Frame Armature_mixamorig_LeftHandPinky1 {
                      FrameTransformMatrix {
                         0.275643,-0.937287, 0.213341, 0.000000,
                         0.951843, 0.235145,-0.196727, 0.000000,
                         0.134224, 0.257293, 0.956966, 0.000000,
                         8.077782,-0.488654,-3.806062, 1.000000;;
                      }
                      Frame Armature_mixamorig_LeftHandPinky2 {
                        FrameTransformMatrix {
                          -0.106875,-0.994078, 0.019675, 0.000000,
                           0.988330,-0.104055, 0.111250, 0.000000,
                          -0.108544, 0.031335, 0.993598, 0.000000,
                           3.600036,-0.000018,-0.000026, 1.000000;;
                        }
                        Frame Armature_mixamorig_LeftHandPinky3 {
                          FrameTransformMatrix {
                             1.000000, 0.000000,-0.000000, 0.000000,
                             0.000000, 1.000000, 0.000000, 0.000000,
                            -0.000000,-0.000000, 1.000000, 0.000000,
                             2.114210, 0.000021,-0.000002, 1.000000;;
                          }
                          Frame Armature_mixamorig_LeftHandPinky4 {
                            FrameTransformMatrix {
                               1.000000, 0.000000,-0.000000, 0.000000,
                               0.000000, 1.000000, 0.000000, 0.000000,
                               0.000000,-0.000000, 1.000000, 0.000000,
                               1.975683, 0.000021,-0.000051, 1.000000;;
                            }
                          } // End of Armature_mixamorig_LeftHandPinky4
                        } // End of Armature_mixamorig_LeftHandPinky3
                      } // End of Armature_mixamorig_LeftHandPinky2
                    } // End of Armature_mixamorig_LeftHandPinky1
                    Frame Armature_mixamorig_LeftHandRing1 {
                      FrameTransformMatrix {
                         0.432272,-0.888357, 0.154801, 0.000000,
                         0.899827, 0.413765,-0.138239, 0.000000,
                         0.058755, 0.199051, 0.978226, 0.000000,
                         9.104511,-0.043936,-1.865087, 1.000000;;
                      }
                      Frame Armature_mixamorig_LeftHandRing2 {
                        FrameTransformMatrix {
                          -0.264943,-0.962655, 0.055689, 0.000000,
                           0.961371,-0.259237, 0.092526, 0.000000,
                          -0.074634, 0.078052, 0.994152, 0.000000,
                           3.154045,-0.000014, 0.000011, 1.000000;;
                        }
                        Frame Armature_mixamorig_LeftHandRing3 {
                          FrameTransformMatrix {
                             1.000000,-0.000000,-0.000000, 0.000000,
                             0.000000, 1.000000, 0.000000, 0.000000,
                            -0.000000,-0.000000, 1.000000, 0.000000,
                             2.937675,-0.000041,-0.000005, 1.000000;;
                          }
                          Frame Armature_mixamorig_LeftHandRing4 {
                            FrameTransformMatrix {
                               1.000000,-0.000000, 0.000000, 0.000000,
                               0.000000, 1.000000, 0.000000, 0.000000,
                              -0.000000,-0.000000, 1.000000, 0.000000,
                               2.647445,-0.000051, 0.000000, 1.000000;;
                            }
                          } // End of Armature_mixamorig_LeftHandRing4
                        } // End of Armature_mixamorig_LeftHandRing3
                      } // End of Armature_mixamorig_LeftHandRing2
                    } // End of Armature_mixamorig_LeftHandRing1
                    Frame Armature_mixamorig_LeftHandThumb1 {
                      FrameTransformMatrix {
                         0.977244,-0.148190,-0.151768, 0.000000,
                         0.134384, 0.986115,-0.097558, 0.000000,
                         0.164118, 0.074942, 0.983590, 0.000000,
                         2.466143,-1.575049, 2.682415, 1.000000;;
                      }
                      Frame Armature_mixamorig_LeftHandThumb2 {
                        FrameTransformMatrix {
                           0.992428, 0.042553,-0.115224, 0.000000,
                          -0.037589, 0.998283, 0.044920, 0.000000,
                           0.116938,-0.040249, 0.992323, 0.000000,
                           3.229815,-1.864690, 1.864679, 1.000000;;
                        }
                        Frame Armature_mixamorig_LeftHandThumb3 {
                          FrameTransformMatrix {
                             1.000000,-0.000001, 0.000001, 0.000000,
                             0.000001, 1.000000,-0.000000, 0.000000,
                            -0.000001, 0.000000, 1.000000, 0.000000,
                             2.652551,-1.531494, 1.531473, 1.000000;;
                          }
                          Frame Armature_mixamorig_LeftHandThumb4 {
                            FrameTransformMatrix {
                               1.000000, 0.000000, 0.000000, 0.000000,
                               0.000000, 1.000000,-0.000000, 0.000000,
                               0.000000, 0.000000, 1.000000, 0.000000,
                               1.954562,-1.128492, 1.128490, 1.000000;;
                            }
                          } // End of Armature_mixamorig_LeftHandThumb4
                        } // End of Armature_mixamorig_LeftHandThumb3
                      } // End of Armature_mixamorig_LeftHandThumb2
                    } // End of Armature_mixamorig_LeftHandThumb1
                  } // End of Armature_mixamorig_LeftHand
                } // End of Armature_mixamorig_LeftForeArm
              } // End of Armature_mixamorig_LeftArm
            } // End of Armature_mixamorig_LeftShoulder
            Frame Armature_mixamorig_Neck {
              FrameTransformMatrix {
                 0.999746,-0.021083, 0.007958, 0.000000,
                 0.021083, 0.999778, 0.000093, 0.000000,
                -0.007958, 0.000075, 0.999968, 0.000000,
                 0.000001,16.671659,-2.516168, 1.000000;;
              }
              Frame Armature_mixamorig_Head {
                FrameTransformMatrix {
                   0.998050, 0.030730, 0.054322, 0.000000,
                  -0.033250, 0.998383, 0.046107, 0.000000,
                  -0.052817,-0.047823, 0.997458, 0.000000,
                  -0.000000, 9.617877, 1.685007, 1.000000;;
                }
                Frame Armature_mixamorig_HeadTop_End {
                  FrameTransformMatrix {
                     1.000000, 0.000000, 0.000000, 0.000000,
                    -0.000000, 1.000000,-0.000000, 0.000000,
                    -0.000000, 0.000000, 1.000000, 0.000000,
                    -0.000001,17.815155, 2.584984, 1.000000;;
                  }
                } // End of Armature_mixamorig_HeadTop_End
                Frame Armature_mixamorig_LeftEye {
                  FrameTransformMatrix {
                     1.000000, 0.000000, 0.000000, 0.000000,
                    -0.000000, 1.000000,-0.000000, 0.000000,
                    -0.000000, 0.000000, 1.000000, 0.000000,
                     3.067561, 6.409514, 9.283554, 1.000000;;
                  }
                } // End of Armature_mixamorig_LeftEye
                Frame Armature_mixamorig_RightEye {
                  FrameTransformMatrix {
                     1.000000, 0.000000, 0.000000, 0.000000,
                    -0.000000, 1.000000,-0.000000, 0.000000,
                    -0.000000, 0.000000, 1.000000, 0.000000,
                    -3.067550, 6.409498, 9.283547, 1.000000;;
                  }
                } // End of Armature_mixamorig_RightEye
              } // End of Armature_mixamorig_Head
            } // End of Armature_mixamorig_Neck
            Frame Armature_mixamorig_RightShoulder {
              FrameTransformMatrix {
                 0.944409, 0.307861,-0.115380, 0.000000,
                -0.302360, 0.951115, 0.062920, 0.000000,
                 0.129110,-0.024536, 0.991327, 0.000000,
                -4.569970,10.946165,-2.628017, 1.000000;;
              }
              Frame Armature_mixamorig_RightArm {
                FrameTransformMatrix {
                   0.541186, 0.817362, 0.197577, 0.000000,
                  -0.773787, 0.576033,-0.263516, 0.000000,
                  -0.329198,-0.010271, 0.944205, 0.000000,
                  -10.592844,-0.524808,-2.232099, 1.000000;;
                }
                Frame Armature_mixamorig_RightForeArm {
                  FrameTransformMatrix {
                     0.891612, 0.266641,-0.365965, 0.000000,
                    -0.169704, 0.946096, 0.275866, 0.000000,
                     0.419795,-0.183860, 0.888801, 0.000000,
                    -27.841520,-0.000049, 0.000004, 1.000000;;
                  }
                  Frame Armature_mixamorig_RightHand {
                    FrameTransformMatrix {
                       0.990191,-0.094344,-0.103061, 0.000000,
                       0.126256, 0.920108, 0.370757, 0.000000,
                       0.059848,-0.380133, 0.922994, 0.000000,
                      -17.638039, 0.000000, 0.000055, 1.000000;;
                    }
                    Frame Armature_mixamorig_RightHandIndex1 {
                      FrameTransformMatrix {
                         0.770053, 0.637906,-0.009735, 0.000000,
                        -0.637614, 0.769005,-0.045615, 0.000000,
                        -0.021612, 0.041334, 0.998912, 0.000000,
                        -9.108293,-0.516783, 2.260117, 1.000000;;
                      }
                      Frame Armature_mixamorig_RightHandIndex2 {
                        FrameTransformMatrix {
                           0.389419, 0.917055,-0.085805, 0.000000,
                          -0.920707, 0.390159,-0.008657, 0.000000,
                           0.025539, 0.082373, 0.996274, 0.000000,
                          -3.676395, 0.000017, 0.000033, 1.000000;;
                        }
                        Frame Armature_mixamorig_RightHandIndex3 {
                          FrameTransformMatrix {
                             1.000000, 0.000000, 0.000000, 0.000000,
                             0.000000, 1.000000, 0.000000, 0.000000,
                             0.000000, 0.000000, 1.000000, 0.000000,
                            -2.883067,-0.000042, 0.000039, 1.000000;;
                          }
                          Frame Armature_mixamorig_RightHandIndex4 {
                            FrameTransformMatrix {
                               1.000000, 0.000000,-0.000000, 0.000000,
                               0.000000, 1.000000, 0.000000, 0.000000,
                              -0.000000, 0.000000, 1.000000, 0.000000,
                              -2.392721, 0.000046, 0.000026, 1.000000;;
                            }
                          } // End of Armature_mixamorig_RightHandIndex4
                        } // End of Armature_mixamorig_RightHandIndex3
                      } // End of Armature_mixamorig_RightHandIndex2
                    } // End of Armature_mixamorig_RightHandIndex1
                    Frame Armature_mixamorig_RightHandMiddle1 {
                      FrameTransformMatrix {
                         0.654263, 0.754168,-0.056300, 0.000000,
                        -0.756173, 0.651196,-0.064386, 0.000000,
                        -0.011896, 0.084697, 0.996336, 0.000000,
                        -9.532517,-0.000016, 0.000014, 1.000000;;
                      }
                      Frame Armature_mixamorig_RightHandMiddle2 {
                        FrameTransformMatrix {
                           0.287637, 0.951046,-0.113034, 0.000000,
                          -0.957230, 0.289322,-0.001555, 0.000000,
                           0.031224, 0.108647, 0.993590, 0.000000,
                          -3.698240, 0.000025,-0.000030, 1.000000;;
                        }
                        Frame Armature_mixamorig_RightHandMiddle3 {
                          FrameTransformMatrix {
                             1.000000,-0.000000, 0.000035, 0.000000,
                            -0.000000, 1.000000, 0.000000, 0.000000,
                            -0.000035, 0.000000, 1.000000, 0.000000,
                            -2.950931,-0.000003,-0.000001, 1.000000;;
                          }
                          Frame Armature_mixamorig_RightHandMiddle4 {
                            FrameTransformMatrix {
                               1.000000,-0.000000, 0.000000, 0.000000,
                              -0.000000, 1.000000, 0.000000, 0.000000,
                               0.000000, 0.000000, 1.000000, 0.000000,
                              -2.833901, 0.000015, 0.000053, 1.000000;;
                            }
                          } // End of Armature_mixamorig_RightHandMiddle4
                        } // End of Armature_mixamorig_RightHandMiddle3
                      } // End of Armature_mixamorig_RightHandMiddle2
                    } // End of Armature_mixamorig_RightHandMiddle1
                    Frame Armature_mixamorig_RightHandPinky1 {
                      FrameTransformMatrix {
                         0.706831, 0.697256,-0.119260, 0.000000,
                        -0.698346, 0.714675, 0.039402, 0.000000,
                         0.112706, 0.055434, 0.992081, 0.000000,
                        -8.076675,-0.488460,-3.806013, 1.000000;;
                      }
                      Frame Armature_mixamorig_RightHandPinky2 {
                        FrameTransformMatrix {
                           0.044245, 0.996957,-0.064178, 0.000000,
                          -0.982506, 0.055056, 0.177905, 0.000000,
                           0.180897, 0.055184, 0.981953, 0.000000,
                          -3.600036, 0.000048, 0.000046, 1.000000;;
                        }
                        Frame Armature_mixamorig_RightHandPinky3 {
                          FrameTransformMatrix {
                             1.000000, 0.000000,-0.000000, 0.000000,
                             0.000000, 1.000000,-0.000000, 0.000000,
                            -0.000000,-0.000000, 1.000000, 0.000000,
                            -2.114211, 0.000016, 0.000016, 1.000000;;
                          }
                          Frame Armature_mixamorig_RightHandPinky4 {
                            FrameTransformMatrix {
                               1.000000, 0.000000, 0.000000, 0.000000,
                              -0.000000, 1.000000, 0.000000, 0.000000,
                               0.000000,-0.000000, 1.000000, 0.000000,
                              -1.975682,-0.000012,-0.000008, 1.000000;;
                            }
                          } // End of Armature_mixamorig_RightHandPinky4
                        } // End of Armature_mixamorig_RightHandPinky3
                      } // End of Armature_mixamorig_RightHandPinky2
                    } // End of Armature_mixamorig_RightHandPinky1
                    Frame Armature_mixamorig_RightHandRing1 {
                      FrameTransformMatrix {
                         0.665025, 0.742733,-0.078038, 0.000000,
                        -0.744746, 0.667331, 0.004795, 0.000000,
                         0.055638, 0.054930, 0.996939, 0.000000,
                        -9.103592,-0.043915,-1.865071, 1.000000;;
                      }
                      Frame Armature_mixamorig_RightHandRing2 {
                        FrameTransformMatrix {
                           0.160758, 0.984609,-0.068565, 0.000000,
                          -0.980550, 0.167248, 0.102715, 0.000000,
                           0.112601, 0.050719, 0.992345, 0.000000,
                          -3.154028, 0.000026, 0.000046, 1.000000;;
                        }
                        Frame Armature_mixamorig_RightHandRing3 {
                          FrameTransformMatrix {
                             1.000000,-0.000000, 0.000000, 0.000000,
                             0.000000, 1.000000,-0.000000, 0.000000,
                            -0.000000, 0.000000, 1.000000, 0.000000,
                            -2.937669,-0.000039,-0.000038, 1.000000;;
                          }
                          Frame Armature_mixamorig_RightHandRing4 {
                            FrameTransformMatrix {
                               1.000000,-0.000000, 0.000000, 0.000000,
                              -0.000000, 1.000000, 0.000000, 0.000000,
                              -0.000000, 0.000000, 1.000000, 0.000000,
                              -2.647455, 0.000038,-0.000002, 1.000000;;
                            }
                          } // End of Armature_mixamorig_RightHandRing4
                        } // End of Armature_mixamorig_RightHandRing3
                      } // End of Armature_mixamorig_RightHandRing2
                    } // End of Armature_mixamorig_RightHandRing1
                    Frame Armature_mixamorig_RightHandThumb1 {
                      FrameTransformMatrix {
                         0.990066,-0.040098, 0.134767, 0.000000,
                         0.061542, 0.985369,-0.158933, 0.000000,
                        -0.126422, 0.165648, 0.978048, 0.000000,
                        -2.464813,-1.574601, 2.682625, 1.000000;;
                      }
                      Frame Armature_mixamorig_RightHandThumb2 {
                        FrameTransformMatrix {
                           0.997495,-0.052981, 0.046877, 0.000000,
                           0.023609, 0.873972, 0.485402, 0.000000,
                          -0.066687,-0.483079, 0.873034, 0.000000,
                          -3.229778,-1.864717, 1.864714, 1.000000;;
                        }
                        Frame Armature_mixamorig_RightHandThumb3 {
                          FrameTransformMatrix {
                             1.000000,-0.000021, 0.000021, 0.000000,
                             0.000021, 1.000000, 0.000000, 0.000000,
                            -0.000021, 0.000000, 1.000000, 0.000000,
                            -2.652586,-1.531466, 1.531448, 1.000000;;
                          }
                          Frame Armature_mixamorig_RightHandThumb4 {
                            FrameTransformMatrix {
                               1.000000,-0.000000,-0.000000, 0.000000,
                               0.000000, 1.000000,-0.000000, 0.000000,
                               0.000000, 0.000000, 1.000000, 0.000000,
                              -1.954582,-1.128464, 1.128506, 1.000000;;
                            }
                          } // End of Armature_mixamorig_RightHandThumb4
                        } // End of Armature_mixamorig_RightHandThumb3
                      } // End of Armature_mixamorig_RightHandThumb2
                    } // End of Armature_mixamorig_RightHandThumb1
                  } // End of Armature_mixamorig_RightHand
                } // End of Armature_mixamorig_RightForeArm
              } // End of Armature_mixamorig_RightArm
            } // End of Armature_mixamorig_RightShoulder
          } // End of Armature_mixamorig_Spine2
        } // End of Armature_mixamorig_Spine1
      } // End of Armature_mixamorig_Spine
    } // End of Armature_mixamorig_Hips
    Frame body {
      FrameTransformMatrix {
        100.000000, 0.000000, 0.000000, 0.000000,
         0.000000,-0.000016,-100.000000, 0.000000,
         0.000000,100.000000,-0.000016, 0.000000,
         0.000000,-0.000001,-5.102613, 1.000000;;
      }
      Mesh { // body mesh
        2730;
         0.037821;-0.090042; 1.562802;,
         0.059956;-0.046099; 1.594573;,
         0.056393;-0.081408; 1.598940;,
         0.046879;-0.043736; 1.578953;,
         0.055345;-0.000767; 1.605152;,
         0.059956;-0.046099; 1.594573;,
         0.067265;-0.040666; 1.622798;,
         0.059956;-0.046099; 1.594573;,
         0.055345;-0.000767; 1.605152;,
         0.067265;-0.040666; 1.622798;,
         0.056393;-0.081408; 1.598940;,
         0.059956;-0.046099; 1.594573;,
         0.067265;-0.040666; 1.622798;,
         0.069402;-0.072144; 1.644825;,
         0.056393;-0.081408; 1.598940;,
         0.069402;-0.072144; 1.644825;,
         0.067265;-0.040666; 1.622798;,
         0.074408;-0.052982; 1.655808;,
         0.069402;-0.072144; 1.644825;,
         0.074408;-0.052982; 1.655808;,
         0.079854;-0.079759; 1.703901;,
         0.000000;-0.111600; 1.548597;,
         0.000000;-0.063684; 1.554352;,
         0.014180;-0.104238; 1.550799;,
         0.037821;-0.090042; 1.562802;,
         0.046879;-0.043736; 1.578953;,
         0.059956;-0.046099; 1.594573;,
         0.000000;-0.063684; 1.554352;,
         0.037821;-0.090042; 1.562802;,
         0.014180;-0.104238; 1.550799;,
         0.000000;-0.063684; 1.554352;,
         0.046879;-0.043736; 1.578953;,
         0.037821;-0.090042; 1.562802;,
         0.080963;-0.017641; 1.674720;,
         0.086076;-0.046415; 1.728970;,
         0.074408;-0.052982; 1.655808;,
         0.067265;-0.040666; 1.622798;,
         0.080963;-0.017641; 1.674720;,
         0.074408;-0.052982; 1.655808;,
         0.074408;-0.052982; 1.655808;,
         0.086076;-0.046415; 1.728970;,
         0.079854;-0.079759; 1.703901;,
         0.046879;-0.043736; 1.578953;,
         0.000000;-0.063684; 1.554352;,
         0.042826;-0.057506; 1.526218;,
         0.046879;-0.043736; 1.578953;,
         0.063335;-0.010184; 1.532377;,
         0.055345;-0.000767; 1.605152;,
         0.063335;-0.010184; 1.532377;,
         0.046879;-0.043736; 1.578953;,
         0.042826;-0.057506; 1.526218;,
         0.042826;-0.057506; 1.526218;,
         0.000000;-0.063684; 1.554352;,
         0.000000;-0.078519; 1.513311;,
         0.047443; 0.037360; 1.536225;,
         0.055345;-0.000767; 1.605152;,
         0.063335;-0.010184; 1.532377;,
         0.000000; 0.046338; 1.603593;,
         0.047443; 0.037360; 1.536225;,
         0.000000; 0.059698; 1.538669;,
         0.031742; 0.032602; 1.604395;,
         0.055345;-0.000767; 1.605152;,
         0.047443; 0.037360; 1.536225;,
         0.031742; 0.032602; 1.604395;,
         0.047443; 0.037360; 1.536225;,
         0.000000; 0.046338; 1.603593;,
         0.033462; 0.055431; 1.648739;,
         0.000000; 0.046338; 1.603593;,
         0.000000; 0.071357; 1.649770;,
         0.033462; 0.055431; 1.648739;,
         0.031742; 0.032602; 1.604395;,
         0.000000; 0.046338; 1.603593;,
         0.071023;-0.008662; 1.633497;,
         0.080963;-0.017641; 1.674720;,
         0.067265;-0.040666; 1.622798;,
         0.071023;-0.008662; 1.633497;,
         0.067265;-0.040666; 1.622798;,
         0.055345;-0.000767; 1.605152;,
         0.071023;-0.008662; 1.633497;,
         0.055345;-0.000767; 1.605152;,
         0.058690; 0.026534; 1.643330;,
         0.058690; 0.026534; 1.643330;,
         0.031742; 0.032602; 1.604395;,
         0.033462; 0.055431; 1.648739;,
         0.058690; 0.026534; 1.643330;,
         0.055345;-0.000767; 1.605152;,
         0.031742; 0.032602; 1.604395;,
         0.156127;-0.050795; 1.525047;,
         0.156127;-0.076334; 1.489079;,
         0.216353;-0.091255; 1.483716;,
         0.156127;-0.050795; 1.525047;,
         0.216353;-0.091255; 1.483716;,
         0.216353;-0.013196; 1.533533;,
         0.313125;-0.013196; 1.514233;,
         0.216353;-0.013196; 1.533533;,
         0.216353;-0.091255; 1.483716;,
         0.216353;-0.013196; 1.533533;,
         0.129271;-0.013196; 1.528452;,
         0.156127;-0.050795; 1.525047;,
         0.130701; 0.037634; 1.329214;,
         0.156366;-0.007262; 1.403045;,
         0.149635;-0.055539; 1.333288;,
         0.130701; 0.037634; 1.329214;,
         0.147983; 0.039008; 1.455283;,
         0.156366;-0.007262; 1.403045;,
         0.149635;-0.055539; 1.333288;,
         0.129259; 0.036452; 1.221344;,
         0.130701; 0.037634; 1.329214;,
         0.149635;-0.055539; 1.333288;,
         0.145429;-0.056216; 1.221913;,
         0.129259; 0.036452; 1.221344;,
         0.149635;-0.055539; 1.333288;,
         0.156366;-0.007262; 1.403045;,
         0.153950;-0.071168; 1.449813;,
         0.000000; 0.076641; 1.459497;,
         0.000000; 0.059698; 1.538669;,
         0.047443; 0.037360; 1.536225;,
         0.069060; 0.072015; 1.457767;,
         0.000000; 0.076641; 1.459497;,
         0.047443; 0.037360; 1.536225;,
         0.069060; 0.072015; 1.457767;,
         0.047443; 0.037360; 1.536225;,
         0.147983; 0.039008; 1.455283;,
         0.096004;-0.095463; 1.433937;,
         0.074215;-0.074455; 1.487385;,
         0.060366;-0.110193; 1.432558;,
         0.047443; 0.037360; 1.536225;,
         0.063335;-0.010184; 1.532377;,
         0.156127; 0.005630; 1.515499;,
         0.147983; 0.039008; 1.455283;,
         0.047443; 0.037360; 1.536225;,
         0.156127; 0.005630; 1.515499;,
         0.156127; 0.005630; 1.515499;,
         0.063335;-0.010184; 1.532377;,
         0.156127;-0.036667; 1.515499;,
         0.156127;-0.036667; 1.515499;,
         0.096004;-0.095463; 1.433937;,
         0.153950;-0.071168; 1.449813;,
         0.156127;-0.036667; 1.515499;,
         0.074215;-0.074455; 1.487385;,
         0.096004;-0.095463; 1.433937;,
         0.135380;-0.125486; 1.017927;,
         0.181701;-0.050192; 1.032279;,
         0.153281;-0.050185; 1.120788;,
         0.078348; 0.098031; 1.042394;,
         0.000000; 0.108804; 1.043385;,
        -0.000030; 0.068418; 1.126426;,
         0.129439; 0.034312; 1.129934;,
         0.160733; 0.042149; 1.043316;,
         0.078348; 0.098031; 1.042394;,
         0.129439; 0.034312; 1.129934;,
         0.181701;-0.050192; 1.032279;,
         0.160733; 0.042149; 1.043316;,
         0.071314; 0.061744; 1.127866;,
         0.078348; 0.098031; 1.042394;,
        -0.000030; 0.068418; 1.126426;,
         0.108945;-0.104198; 1.108972;,
         0.064609;-0.135479; 1.097157;,
         0.135380;-0.125486; 1.017927;,
         0.108945;-0.104198; 1.108972;,
         0.135380;-0.125486; 1.017927;,
         0.153281;-0.050185; 1.120788;,
         0.103452;-0.103683; 1.334442;,
         0.153950;-0.071168; 1.449813;,
         0.096004;-0.095463; 1.433937;,
         0.103452;-0.103683; 1.334442;,
         0.149635;-0.055539; 1.333288;,
         0.153950;-0.071168; 1.449813;,
         0.060366;-0.110193; 1.432558;,
         0.103452;-0.103683; 1.334442;,
         0.096004;-0.095463; 1.433937;,
         0.060366;-0.110193; 1.432558;,
         0.058435;-0.128166; 1.335566;,
         0.103452;-0.103683; 1.334442;,
         0.062190;-0.130833; 1.221904;,
         0.103452;-0.103683; 1.334442;,
         0.058435;-0.128166; 1.335566;,
         0.062190;-0.130833; 1.221904;,
         0.103277;-0.105367; 1.221908;,
         0.103452;-0.103683; 1.334442;,
         0.108892;-0.106477; 1.142249;,
         0.062190;-0.130833; 1.221904;,
         0.063894;-0.137165; 1.134031;,
         0.108892;-0.106477; 1.142249;,
         0.103277;-0.105367; 1.221908;,
         0.062190;-0.130833; 1.221904;,
         0.145429;-0.056216; 1.221913;,
         0.108892;-0.106477; 1.142249;,
         0.155056;-0.051968; 1.150680;,
         0.145429;-0.056216; 1.221913;,
         0.103277;-0.105367; 1.221908;,
         0.108892;-0.106477; 1.142249;,
         0.103452;-0.103683; 1.334442;,
         0.145429;-0.056216; 1.221913;,
         0.149635;-0.055539; 1.333288;,
         0.103452;-0.103683; 1.334442;,
         0.103277;-0.105367; 1.221908;,
         0.145429;-0.056216; 1.221913;,
         0.108945;-0.104198; 1.108972;,
         0.063894;-0.137165; 1.134031;,
         0.064609;-0.135479; 1.097157;,
         0.108945;-0.104198; 1.108972;,
         0.108892;-0.106477; 1.142249;,
         0.063894;-0.137165; 1.134031;,
         0.155056;-0.051968; 1.150680;,
         0.108945;-0.104198; 1.108972;,
         0.153281;-0.050185; 1.120788;,
         0.155056;-0.051968; 1.150680;,
         0.108892;-0.106477; 1.142249;,
         0.108945;-0.104198; 1.108972;,
         0.129439; 0.034312; 1.129934;,
         0.155056;-0.051968; 1.150680;,
         0.153281;-0.050185; 1.120788;,
         0.129439; 0.034312; 1.129934;,
         0.131836; 0.040398; 1.156954;,
         0.155056;-0.051968; 1.150680;,
         0.131836; 0.040398; 1.156954;,
         0.145429;-0.056216; 1.221913;,
         0.155056;-0.051968; 1.150680;,
         0.131836; 0.040398; 1.156954;,
         0.129259; 0.036452; 1.221344;,
         0.145429;-0.056216; 1.221913;,
         0.070275; 0.066932; 1.222748;,
         0.131836; 0.040398; 1.156954;,
         0.072303; 0.068731; 1.155912;,
         0.070275; 0.066932; 1.222748;,
         0.129259; 0.036452; 1.221344;,
         0.131836; 0.040398; 1.156954;,
        -0.000021; 0.070101; 1.155187;,
         0.070275; 0.066932; 1.222748;,
